Linear Detection Measurement - Goesser_45_109_
Pose p; Framenumber n; number of detected matches; targetpose px[m]; py[m]; pz[m]; rotx[°]; roty[°]; rotz[°]
Pose p; calculate Median
Pose p; calculate Mittelwert
Pose p; calculate Spannweite
Pose p; calculate Stdev
1; 1; 42; 0; 0; 0; 0; -0; 0
1; 2; 51; -0.043988; 0.325942; 0.615219; 71.4527; 23.7263; 11.2504
1; 3; 40; 0.0500757; 0.268736; 1.35718; 33.4976; 176.513; 12.2868
1; 4; 42; 0.179377; -0.132967; 1.43712; -49.9883; -173.44; 12.0485
1; 5; 47; -0.172377; -0.060853; 0.825146; 28.0153; 129.986; 60.2712
1; 6; 41; 0.0849953; 0.31136; 1.20413; 47.4395; -161.893; 10.6622
1; 7; 54; -0.26266; -0.11298; 0.252755; 110.919; 58.3531; 149.982
1; 8; 38; 0; 0; 0; 0; -0; 0
1; 9; 38; 0.0923229; 0.302637; 1.19725; 43.4586; -159.666; 11.0436
1; 10; 38; 0; 0; 0; 0; -0; 0
1; 11; 41; 0.101866; 0.305896; 1.20643; 42.5945; -154.935; 12.0874
1; 12; 50; -0.0263763; 0.297615; 0.938211; 47.5345; 141.229; 10.1195
1; 13; 45; 0; 0; 0; 0; -0; 0
1; 14; 44; 0.194178; -0.0585187; 1.4238; -37.3524; -168.253; 12.7467
1; 15; 45; 0; 0; 0; 0; -0; 0
1; 16; 47; 0.0920235; 0.297384; 1.23757; 37.751; -161.064; 13.8367
1; 17; 41; 0; 0; 0; 0; -0; 0
1; 18; 38; 0; 0; 0; 0; -0; 0
1; 19; 43; 0.0813934; -0.296009; 0.261634; -88.2189; 148.402; 26.3864
1; 20; 40; -0.0594667; -0.245492; 0.636921; 79.2936; -48.3019; 158.8
1; Median: 42; 0; 0; 0.636921; 11.2504; -0; 28.0153
1; Mean: 43.25; 0.0155682; 0.0601375; 0.629668; 25.0761; -17.4672; 18.3198
1; Range: 16; 0.456838; 0.621951; 1.43712; 158.8; 349.954; 199.138
1; Stdev: 4.50416; 0.103351; 0.19374; 0.563596; 45.1252; 111.862; 44.836
2; 1; 51; 0.104038; 0.297222; 1.21744; 38.9353; -157.197; 11.7653
2; 2; 51; 0.112731; 0.319304; 1.27724; 39.96; -156.643; 11.3199
2; 3; 50; 0; 0; 0; 0; -0; 0
2; 4; 48; 0.0925213; 0.297971; 1.241; 37.9366; -160.729; 13.8925
2; 5; 40; -0.24978; 0.0995552; 0.275906; 65.2671; 141.164; 52.7368
2; 6; 48; 0; 0; 0; 0; -0; 0
2; 7; 39; 0.455291; 0.275757; 0.924675; 16.2612; -80.2895; 7.56163
2; 8; 45; 0.0900071; 0.307664; 1.17355; 43.5127; -160.286; 11.9217
2; 9; 44; -0.0467272; 0.166208; 1.25648; 11.0251; 152.103; 9.8007
2; 10; 39; 0.0787036; 0.317729; 1.20848; 50.29; -164.077; 9.27325
2; 11; 43; 0.0926215; 0.294439; 1.21334; 38.4791; -160.579; 13.5384
2; 12; 46; -0.0973677; -0.0366325; 1.092; -11.9566; 141.083; 21.9764
2; 13; 45; 0.0600604; 0.29582; 1.24125; 41.7527; -176.302; 12.099
2; 14; 41; -0.0632938; 0.266035; 1.09769; 37.2364; 129.52; 9.02912
2; 15; 48; 0.149127; 0.282691; 0.776909; -40.2307; -27.91; 127.373
2; 16; 34; 0.269387; 0.333016; 0.651287; 2.67055; -78.5984; 50.7804
2; 17; 38; 0; 0; 0; 0; -0; 0
2; 18; 38; 0.10844; 0.351354; 0.57129; 37.9791; -83.787; 42.3027
2; 19; 43; 0.541052; 0.156561; 1.12167; -28.0017; -66.0455; 28.4414
2; 20; 48; 0; 0; 0; 0; -0; 0
2; Median: 45; 0.0900071; 0.282691; 1.09769; 11.9217; -66.0455; 37.2364
2; Mean: 43.95; 0.0848405; 0.201235; 0.817011; 21.6906; -45.4286; 19.0558
2; Range: 17; 0.790832; 0.387987; 1.27724; 127.373; 328.405; 105.498
2; Stdev: 4.75894; 0.1731; 0.134807; 0.483403; 28.7294; 111.314; 27.3525
3; 1; 58; 0.101176; 0.225634; 1.27783; 38.9821; -161.596; 12.0478
3; 2; 49; 0.111251; 0.233684; 1.26099; 42.3785; -156.408; 11.0714
3; 3; 59; 0.106926; 0.226312; 1.27386; 38.7699; -159.814; 12.264
3; 4; 66; 0.11576; 0.22825; 1.27253; 39.3079; -156.487; 11.5736
3; 5; 61; 0.111676; 0.229456; 1.27634; 39.6598; -157.783; 11.6023
3; 6; 53; 0.126993; 0.225207; 1.2454; 39.4956; -153.955; 10.3019
3; 7; 52; 0.0893806; 0.228911; 1.29734; 41.7136; -164.683; 11.6683
3; 8; 63; 0.111302; 0.225774; 1.2834; 38.2155; -157.579; 12.4869
3; 9; 64; 0.112577; 0.229223; 1.27082; 39.861; -156.957; 11.6887
3; 10; 61; 0.104489; 0.235368; 1.26159; 43.597; -160.021; 10.1296
3; 11; 47; 0.101207; 0.222491; 1.27104; 38.5824; -161.762; 12.0049
3; 12; 51; 0.100513; 0.239875; 1.22281; 45.8036; -160.232; 9.70839
3; 13; 57; 0.110004; 0.228133; 1.27749; 39.4932; -157.505; 12.1753
3; 14; 61; 0.0931172; 0.220607; 1.28912; 37.5328; -163.85; 13.0005
3; 15; 63; 0.096831; 0.224056; 1.28078; 38.2422; -162.671; 12.7705
3; 16; 60; 0.114299; 0.228452; 1.26736; 39.587; -157.05; 11.6195
3; 17; 59; 0.116491; 0.226129; 1.26854; 38.4466; -156.081; 11.9043
3; 18; 56; 0.105035; 0.229211; 1.2876; 38.7768; -160.729; 12.1049
3; 19; 49; 0.0986756; 0.221677; 1.2878; 37.9343; -162.322; 12.5848
3; 20; 70; 0.111604; 0.228541; 1.27177; 39.0254; -157.671; 12.1031
3; Median: 59; 0.110004; 0.22825; 1.27386; 12.0049; -157.783; 39.3079
3; Mean: 57.95; 0.106965; 0.227849; 1.27222; 11.7405; -159.258; 39.7703
3; Range: 23; 0.0376129; 0.0192686; 0.0745361; 3.29214; 10.7284; 8.27085
3; Stdev: 6.02059; 0.00876117; 0.004466; 0.0159913; 0.841079; 2.84673; 2.01867
4; 1; 66; 0.143358; 0.139392; 1.37377; 36.6763; -160.781; 13.6594
4; 2; 53; 0.158233; 0.156433; 1.34178; 39.3276; -153.882; 14.0736
4; 3; 62; 0.149459; 0.148286; 1.33213; 38.3742; -157.952; 13.6089
4; 4; 64; 0.140485; 0.150394; 1.34759; 39.937; -160.431; 12.4159
4; 5; 60; 0.157168; 0.153022; 1.34824; 38.8901; -154.359; 13.409
4; 6; 69; 0.139759; 0.148215; 1.35491; 38.7484; -160.963; 13.0201
4; 7; 68; 0.141589; 0.151976; 1.34239; 39.8234; -157.981; 13.4955
4; 8; 62; 0.13833; 0.147806; 1.35354; 38.7765; -161.673; 12.8268
4; 9; 56; 0.135231; 0.144767; 1.34365; 38.2106; -162.876; 12.9625
4; 10; 63; 0.128062; 0.133547; 1.34673; 36.3092; -165.34; 12.1752
4; 11; 56; 0.133291; 0.151542; 1.3474; 40.6584; -162.564; 12.5098
4; 12; 56; 0.143927; 0.159935; 1.40188; 39.7861; -159.906; 13.6095
4; 13; 63; 0.145993; 0.146906; 1.35767; 38.4058; -158.926; 12.9374
4; 14; 70; 0.124659; 0.145168; 1.36301; 38.2943; -165.475; 13.991
4; 15; 64; 0.127076; 0.142803; 1.34606; 38.1944; -164.51; 13.065
4; 16; 62; 0.143671; 0.144814; 1.36419; 37.7077; -160.54; 13.1161
4; 17; 56; 0.141504; 0.153699; 1.34554; 38.6002; -160.374; 15.2698
4; 18; 76; 0.133493; 0.147017; 1.35272; 39.1833; -163.034; 12.6502
4; 19; 65; 0.133708; 0.15707; 1.33076; 41.9579; -161.743; 12.6669
4; 20; 65; 0.143499; 0.150722; 1.3451; 39.0416; -158.312; 13.2108
4; Median: 63; 0.141504; 0.148286; 1.34759; 13.1161; -160.54; 38.7765
4; Mean: 62.8; 0.140125; 0.148676; 1.35195; 13.2337; -160.581; 38.8451
4; Range: 23; 0.0335737; 0.0263878; 0.0711127; 3.09465; 11.5925; 5.64868
4; Stdev: 5.50091; 0.0086807; 0.00602847; 0.0151563; 0.684747; 3.0467; 1.23382
5; 1; 72; 0.142061; 0.0637064; 1.45023; 37.1356; -164.742; 14.2468
5; 2; 74; 0.158642; 0.072213; 1.44021; 39.0642; -159.241; 14.1475
5; 3; 74; 0.158083; 0.064279; 1.43858; 37.3493; -159.026; 13.4507
5; 4; 85; 0.163802; 0.0692202; 1.43346; 38.628; -156.774; 13.1031
5; 5; 72; 0.153992; 0.0629975; 1.43361; 37.7169; -160.961; 12.8601
5; 6; 81; 0.151342; 0.056655; 1.35464; 36.2789; -160.531; 14.3064
5; 7; 69; 0.0553519; 0.273765; 1.2077; 143.9; 179.351; 9.12975
5; 8; 64; 0.156067; 0.0630886; 1.42839; 37.2619; -159.863; 13.1067
5; 9; 67; 0.159656; 0.0589987; 1.44811; 36.8597; -159.181; 12.7628
5; 10; 70; 0.147418; 0.060612; 1.44602; 37.0807; -163.274; 13.1993
5; 11; 70; 0.154665; 0.065084; 1.43009; 38.3714; -160.185; 12.6644
5; 12; 66; 0.14491; 0.0588828; 1.437; 36.9235; -164.11; 13.2745
5; 13; 69; 0.150258; 0.0569204; 1.45981; 36.6297; -161.06; 13.5676
5; 14; 76; 0.158663; 0.0667463; 1.43654; 38.7036; -159.081; 12.9686
5; 15; 69; 0.156903; 0.0635415; 1.43355; 37.7419; -159.6; 12.685
5; 16; 69; 0.146411; 0.0612332; 1.43421; 37.2366; -162.519; 12.8169
5; 17; 64; 0.152224; 0.0641941; 1.42711; 38.3423; -160.902; 12.1972
5; 18; 72; 0.157433; 0.0673891; 1.4208; 38.8112; -159.052; 12.5269
5; 19; 72; 0.145106; 0.0633188; 1.4335; 38.598; -162.402; 11.6941
5; 20; 76; 0.16078; 0.0679521; 1.4146; 38.8734; -157.578; 11.2257
5; Median: 72; 0.154665; 0.0637064; 1.43361; 12.9686; -159.863; 37.7419
5; Mean: 71.55; 0.148688; 0.0740399; 1.42041; 12.7967; -143.537; 43.0754
5; Range: 21; 0.10845; 0.21711; 0.252114; 5.17665; 344.093; 107.622
5; Stdev: 5.09387; 0.0221986; 0.0459854; 0.0528248; 1.12775; 74.1026; 23.1456
6; 1; 94; 0.128564; 0.0497335; 1.45256; 38.5498; -154.446; 13.2158
6; 2; 101; 0.108808; 0.060872; 1.40682; 40.771; -158.696; 13.477
6; 3; 102; 0.111435; 0.0511914; 1.47514; 39.7479; -160.023; 12.4577
6; 4; 95; 0.109454; 0.0454272; 1.44908; 38.4219; -160.498; 12.7095
6; 5; 101; 0.108884; 0.0438794; 1.45782; 38.1779; -160.815; 12.6811
6; 6; 100; 0.109535; 0.0426834; 1.45848; 38.1548; -160.726; 12.4791
6; 7; 94; 0.113448; 0.0495137; 1.44934; 38.7879; -159.378; 13.9369
6; 8; 94; 0.111181; 0.0404696; 1.46581; 37.6807; -160.529; 12.4566
6; 9; 103; 0.109155; 0.0450449; 1.45523; 38.5765; -160.597; 12.6597
6; 10; 100; 0.107967; 0.0423026; 1.46019; 38.0245; -161.174; 12.7233
6; 11; 98; 0.111597; 0.0470275; 1.45514; 39.3827; -159.77; 12.2637
6; 12; 103; 0.110825; 0.0445515; 1.45732; 38.4125; -160.13; 12.7075
6; 13; 99; 0.117954; 0.0374177; 1.47868; 36.4325; -158.011; 13.965
6; 14; 101; 0.104825; 0.0434332; 1.44242; 37.8783; -162.918; 13.4764
6; 15; 93; 0.108083; 0.0447886; 1.45378; 38.5491; -160.984; 12.0922
6; 16; 95; 0.112019; 0.0454084; 1.45301; 38.3157; -159.87; 13.0475
6; 17; 99; 0.110021; 0.0444637; 1.45392; 38.3389; -160.354; 12.7604
6; 18; 100; 0.107505; 0.0467673; 1.44836; 38.8998; -160.83; 12.4533
6; 19; 109; 0.10768; 0.0429366; 1.45733; 38.127; -161.09; 12.6057
6; 20; 100; 0.104773; 0.0463944; 1.44739; 38.7793; -160.949; 13.1351
6; Median: 100; 0.109535; 0.0450449; 1.45514; 12.7095; -160.498; 38.4219
6; Mean: 99.05; 0.110686; 0.0457153; 1.45389; 12.8652; -160.089; 38.5004
6; Range: 16; 0.0237907; 0.0234544; 0.0718601; 1.87286; 8.47234; 4.33849
6; Stdev: 3.87911; 0.0049927; 0.00464484; 0.0137437; 0.508425; 1.62255; 0.831247
7; 1; 62; 0.146517; -0.0606249; 1.5617; 37.5094; -163.09; 8.21265
7; 2; 60; 0.162795; -0.0502326; 1.54501; 37.117; -158.38; 13.509
7; 3; 62; 0.159413; -0.0445193; 1.53633; 39.226; -158.994; 13.0479
7; 4; 61; 0.147485; -0.0353952; 1.53046; 45.1979; -162.896; 11.2386
7; 5; 60; 0.149721; -0.0446173; 1.539; 39.2029; -160.959; 13.5481
7; 6; 56; 0.151548; -0.051825; 1.5485; 38.5454; -162.568; 12.7151
7; 7; 73; 0.158274; -0.0492705; 1.5268; 37.6252; -159.25; 13.5217
7; 8; 65; 0.157862; -0.0507744; 1.53517; 37.4571; -159.643; 13.6
7; 9; 66; 0.158952; -0.0605877; 1.5519; 33.8224; -160.672; 14.2672
7; 10; 68; 0.163909; -0.0381503; 1.52871; 39.7674; -157.297; 14.497
7; 11; 74; 0.156352; -0.0507008; 1.54318; 37.6393; -160.679; 13.5145
7; 12; 56; 0.158108; -0.0468616; 1.54929; 38.7684; -159.556; 13.0705
7; 13; 68; 0.165909; -0.0474499; 1.53893; 35.4718; -157.289; 16.7549
7; 14; 52; 0.155602; -0.0493035; 1.53697; 38.0367; -160.379; 13.1979
7; 15; 72; 0.157667; -0.0496958; 1.53068; 37.7709; -159.761; 13.5296
7; 16; 65; 0.160428; -0.0570608; 1.5491; 35.1699; -159.713; 13.8707
7; 17; 68; 0.157462; -0.0489187; 1.53539; 37.8306; -159.669; 13.8073
7; 18; 59; 0.159334; -0.0502735; 1.51885; 35.3217; -159.533; 15.7113
7; 19; 65; 0.179898; -0.0488181; 1.51607; 36.0848; -149.551; 14.0736
7; 20; 67; 0.150431; -0.0226225; 1.70229; 47.6838; -164.361; 7.25682
7; Median: 65; 0.158108; -0.0492705; 1.53893; 13.5296; -159.669; 37.7709
7; Mean: 63.95; 0.157883; -0.0478851; 1.54622; 13.1472; -159.712; 38.2624
7; Range: 22; 0.0333804; 0.0380024; 0.186221; 9.49808; 14.8102; 13.8613
7; Stdev: 5.72254; 0.00717328; 0.00828318; 0.0374327; 2.10115; 2.93851; 3.12676
8; 1; 49; 0.145687; -0.126359; 1.5997; 38.2159; -161.329; 13.4066
8; 2; 46; 0.142177; -0.114699; 1.58529; 41.5072; -161.152; 12.0483
8; 3; 53; 0.141084; -0.128436; 1.61617; 37.7912; -164.882; 13.8684
8; 4; 50; 0.149977; -0.129805; 1.61755; 37.5152; -160.19; 13.5506
8; 5; 50; 0.144263; -0.123427; 1.60013; 38.659; -161.074; 13.3151
8; 6; 44; 0.144329; -0.121187; 1.58517; 38.0189; -159.835; 14.236
8; 7; 51; 0.149859; -0.127315; 1.60311; 38.1981; -160.561; 12.9703
8; 8; 57; 0.150181; -0.130796; 1.61583; 37.8019; -160.404; 12.6743
8; 9; 49; 0.174112; -0.0943705; 1.52386; 38.0199; -150.946; 21.8704
8; 10; 58; 0.147572; -0.118627; 1.60448; 42.4906; -160.509; 12.7143
8; 11; 54; 0.138839; -0.115791; 1.58573; 43.6029; -163.35; 11.7399
8; 12; 52; 0.140985; -0.144482; 1.65807; 35.8078; -163.035; 13.3117
8; 13; 49; 0.146701; -0.131862; 1.62982; 39.013; -161.895; 11.4432
8; 14; 46; 0.152013; -0.131594; 1.61496; 36.9725; -160.024; 13.2137
8; 15; 55; 0.152159; -0.130077; 1.61252; 37.1951; -159.437; 13.5877
8; 16; 53; 0.159357; -0.141901; 1.62865; 33.7768; -158.6; 13.8838
8; 17; 49; 0.157456; -0.116534; 1.59048; 40.1575; -157.643; 13.7452
8; 18; 50; 0.14612; -0.123755; 1.60412; 39.2212; -160.882; 12.891
8; 19; 54; 0.149664; -0.131423; 1.61957; 37.5533; -160.899; 13.1606
8; 20; 50; 0.149653; -0.137762; 1.63397; 36.0198; -161.663; 13.2662
8; Median: 50; 0.149653; -0.127315; 1.61252; 13.3117; -160.561; 38.0199
8; Mean: 50.95; 0.149109; -0.12601; 1.60646; 13.5449; -160.416; 38.3769
8; Range: 14; 0.0352726; 0.0501113; 0.134208; 10.4272; 13.9358; 9.82612
8; Stdev: 3.5139; 0.00768022; 0.0107259; 0.0260386; 2.03266; 2.67958; 2.20788
9; 1; 31; 0.168271; -0.205856; 1.67053; 37.4503; -161.347; 13.6416
9; 2; 35; 0.176284; -0.193692; 1.63528; 39.455; -158.935; 11.784
9; 3; 39; 0.156275; -0.208858; 1.69111; 39.1516; -165.987; 12.8999
9; 4; 29; 0.170302; -0.18051; 1.58957; 38.3615; -161.228; 12.714
9; 5; 42; 0.164608; -0.214961; 1.67769; 35.9266; -164.666; 13.2761
9; 6; 37; 0.178424; -0.203561; 1.66687; 38.3927; -158.792; 12.6542
9; 7; 36; 0.167179; -0.214929; 1.69532; 36.0363; -162.889; 14.001
9; 8; 37; 0.1732; -0.221174; 1.71008; 34.8897; -160.467; 14.7495
9; 9; 36; 0.166835; -0.203212; 1.66025; 37.4503; -160.62; 14.0573
9; 10; 33; 0.175462; -0.20137; 1.69623; 44.1124; -157.512; 15.5857
9; 11; 34; 0.1605; -0.168154; 1.61754; 51.7547; -159.619; 9.28814
9; 12; 31; 0.119927; -0.11922; 1.41849; 45.2521; -144.675; 20.9822
9; 13; 36; 0.173855; -0.210595; 1.67903; 36.5761; -160.613; 13.8586
9; 14; 38; 0.16786; -0.208348; 1.67785; 40.3869; -162.435; 12.6728
9; 15; 35; 0.17311; -0.21105; 1.68594; 38.214; -160.796; 13.142
9; 16; 35; 0.158078; -0.225866; 1.6871; 32.9782; -167.024; 13.842
9; 17; 30; 0.1497; -0.179149; 1.61486; 43.6864; -164.769; 11.7059
9; 18; 41; 0.164535; -0.217855; 1.69954; 35.9239; -164.95; 13.7965
9; 19; 35; 0.158429; -0.206309; 1.67817; 39.1533; -165.544; 13.1579
9; 20; 28; 0.168641; -0.205646; 1.66394; 37.1553; -161.486; 13.5264
9; Median: 35; 0.16786; -0.205856; 1.67785; 13.5264; -161.228; 38.3615
9; Mean: 34.9; 0.164574; -0.200016; 1.65577; 13.5668; -161.218; 39.1154
9; Range: 14; 0.0584978; 0.106646; 0.291596; 11.6941; 22.3489; 18.7765
9; Stdev: 3.65923; 0.0125433; 0.0232274; 0.0624056; 2.11303; 4.58512; 4.17197
10; 1; 39; 0.0711051; -0.270843; 1.76338; 35.5695; -169.034; 13.8069
10; 2; 35; 0.0843974; -0.280921; 1.78964; 32.6597; -162.854; 16.1624
10; 3; 29; 0.0879647; -0.280443; 1.79068; 32.4667; -161.763; 16.4242
10; 4; 38; 0.0763478; -0.212099; 1.60897; 40.3188; -166.225; 12.9982
10; 5; 31; 0.0819194; -0.243858; 1.69187; 37.9343; -162.039; 14.5014
10; 6; 39; 0.0947772; -0.255152; 1.72467; 36.531; -160.246; 14.0827
10; 7; 30; 0.0830905; -0.23936; 1.69724; 44.3791; -162.12; 12.299
10; 8; 28; 0.103582; -0.247571; 1.71862; 36.9922; -157.883; 14.8068
10; 9; 39; 0.0933356; -0.256965; 1.76772; 37.9547; -160.311; 14.5209
10; 10; 38; 0.0866037; -0.260435; 1.73926; 35.7048; -164.153; 16.9578
10; 11; 45; 0.0862003; -0.273775; 1.78012; 33.6538; -162.026; 16.2438
10; 12; 37; 0.102524; -0.246513; 1.71032; 36.879; -157.754; 15.3508
10; 13; 34; 0.0846833; -0.24127; 1.69101; 39.4179; -163.183; 12.8611
10; 14; 38; 0.0822509; -0.236603; 1.68176; 38.4737; -165.461; 12.7154
10; 15; 37; 0.0947273; -0.259014; 1.72193; 35.5165; -161.132; 14.0717
10; 16; 37; 0.0896195; -0.258627; 1.72926; 36.4394; -162.17; 14.1311
10; 17; 40; 0.0877922; -0.257817; 1.72437; 36.9003; -162.751; 13.9158
10; 18; 31; 0.0797625; -0.229768; 1.67836; 46.4239; -165.147; 10.7313
10; 19; 34; 0.0842534; -0.246918; 1.70816; 41.6871; -162.469; 12.8487
10; 20; 41; 0.0944521; -0.269883; 1.72444; 32.6009; -161.306; 15.7256
10; Median: 37; 0.0866037; -0.255152; 1.72437; 14.1311; -162.12; 36.9003
10; Mean: 36; 0.0874695; -0.253392; 1.72209; 14.2578; -162.501; 37.4252
10; Range: 17; 0.0324768; 0.068822; 0.18171; 6.22655; 11.2801; 13.9571
10; Stdev: 4.31277; 0.00786916; 0.0169242; 0.0424039; 1.54775; 2.58822; 3.59758
11; 1; 29; 0.121755; -0.0678245; 1.07335; -49.6895; -133.792; 108.038
11; 2; 28; 0.079348; -0.342768; 2.36068; 71.9103; -158.376; 1.22651
11; 3; 26; 0.0696068; -0.28302; 1.69905; 50.3484; -167.908; 7.93373
11; 4; 24; 0; 0; 0; 0; -0; 0
11; 5; 20; 0.13366; -0.292799; 1.68406; 38.6973; -140.65; 17.66
11; 6; 24; 0.156007; -0.211753; 1.30399; -95.7146; -23.4393; 161.555
11; 7; 25; 0.0317677; -0.382363; 1.94567; -173.952; 44.1684; 93.8371
11; 8; 21; 0.102522; -0.378281; 1.86516; 10.3686; -152.808; 35.901
11; 9; 25; 0.093081; -0.320837; 1.7743; 36.0024; -159.552; 13.2922
11; 10; 26; 0.0403912; -0.318985; 1.79758; 41.5303; -175.843; 13.0946
11; 11; 20; 0.0859423; -0.2984; 1.73621; 42.4591; -160.714; 11.04
11; 12; 29; 0.125172; -0.275741; 1.88352; -100.644; -45.1731; 172.994
11; 13; 18; 0; 0; 0; 0; -0; 0
11; 14; 25; 0.104085; -0.328754; 1.80863; 38.0755; -157.611; 11.5775
11; 15; 29; 0.0893652; -0.294535; 1.73002; 41.4957; -155.671; 13.9826
11; 16; 14; 0; 0; 0; 0; -0; 0
11; 17; 28; 0.0827614; -0.320095; 1.7807; 36.8587; -161.476; 14.1817
11; 18; 24; -0.0971325; 0.0687983; 0.646491; -52.1124; -139.888; 154.95
11; 19; 26; -0.0439543; -0.0906114; 1.49178; 122.509; 151.503; 10.6866
11; 20; 25; 0; 0; 0; 0; -0; 0
11; Median: 25; 0.0827614; -0.28302; 1.73002; 13.2922; -139.888; 36.0024
11; Mean: 24.3; 0.0587189; -0.206898; 1.32906; 42.0976; -86.8615; 2.90712
11; Range: 15; 0.25314; 0.451161; 2.36068; 172.994; 327.346; 296.46
11; Stdev: 3.86135; 0.0636852; 0.149318; 0.745133; 58.2453; 91.6049; 66.4224
12; 1; 13; 0.093275; -0.405227; 1.87571; 46.596; -168.54; 7.95112
12; 2; 17; 0; 0; 0; 0; -0; 0
12; 3; 9; 0; 0; 0; 0; -0; 0
12; 4; 15; 0; 0; 0; 0; -0; 0
12; 5; 15; 0; 0; 0; 0; -0; 0
12; 6; 14; 0; 0; 0; 0; -0; 0
12; 7; 13; 0; 0; 0; 0; -0; 0
12; 8; 12; 0.0822094; -0.415637; 1.85552; 40.7033; -172.678; 10.8644
12; 9; 16; -0.0788865; -0.157012; 1.42518; -47.2613; -136.148; 142.8
12; 10; 16; 0.153873; -0.35342; 1.4795; 16.9291; -152.522; 31.6435
12; 11; 14; 0; 0; 0; 0; -0; 0
12; 12; 16; 0; 0; 0; 0; -0; 0
12; 13; 17; 0.111875; -0.412051; 1.86718; 43.5723; -163.052; 8.19394
12; 14; 17; -0.120222; -0.47582; 2.76415; -74.8948; 156.372; 159.924
12; 15; 15; 0; 0; 0; 0; -0; 0
12; 16; 13; 0.133704; -0.458772; 1.84902; 25.0006; -161.265; 16.2778
12; 17; 16; 0; 0; 0; 0; -0; 0
12; 18; 17; 0; 0; 0; 0; -0; 0
12; 19; 22; 0.118588; -0.402932; 1.83629; 41.0709; -162.228; 13.708
12; 20; 9; -0.0181033; -0.535332; 1.9386; -92.6863; -143.049; 111.952
12; Median: 15; 0; 0; 0; 0; -0; 0
12; Mean: 14.8; 0.0238156; -0.18081; 0.844558; 25.1657; -55.1555; -0.0485193
12; Range: 13; 0.274095; 0.535332; 2.76415; 159.924; 329.05; 139.282
12; Stdev: 2.85657; 0.0682831; 0.210745; 0.964149; 48.753; 90.2789; 35.1842
13; 1; 12; 0; 0; 0; 0; -0; 0
13; 2; 12; 0; 0; 0; 0; -0; 0
13; 3; 10; 0; 0; 0; 0; -0; 0
13; 4; 9; 0.163533; -0.542678; 1.79073; 5.90527; -174.74; 18.2567
13; 5; 12; 0; 0; 0; 0; -0; 0
13; 6; 10; 0; 0; 0; 0; -0; 0
13; 7; 12; 0; 0; 0; 0; -0; 0
13; 8; 6; 0; 0; 0; 0; -0; 0
13; 9; 10; 0; 0; 0; 0; -0; 0
13; 10; 12; 0; 0; 0; 0; -0; 0
13; 11; 10; 0; 0; 0; 0; -0; 0
13; 12; 8; 0; 0; 0; 0; -0; 0
13; 13; 9; 0; 0; 0; 0; -0; 0
13; 14; 6; 0; 0; 0; 0; -0; 0
13; 15; 11; 0.160978; -0.481771; 1.80464; 34.6511; -167.326; 18.7069
13; 16; 7; 0; 0; 0; 0; -0; 0
13; 17; 9; 0; 0; 0; 0; -0; 0
13; 18; 9; 0; 0; 0; 0; -0; 0
13; 19; 10; 0; 0; 0; 0; -0; 0
13; 20; 9; 0.0638472; -0.401546; 2.07453; -125.931; 60.7778; 140.142
13; Median: 10; 0; 0; 0; 0; -0; 0
13; Mean: 9.65; 0.0194179; -0.0712998; 0.283495; 8.85527; -14.0644; -4.26875
13; Range: 6; 0.163533; 0.542678; 2.07453; 140.142; 235.518; 160.583
13; Stdev: 1.85135; 0.0495945; 0.171197; 0.676746; 30.6224; 53.9768; 28.9222
14; 1; 5; 0; 0; 0; 0; -0; 0
14; 2; 7; 0; 0; 0; 0; -0; 0
14; 3; 7; 0; 0; 0; 0; -0; 0
14; 4; 8; -0.0266562; -0.316164; 1.64323; -85.0573; 40.6886; 174.494
14; 5; 15; 0.0857474; -0.560957; 1.95419; 36.6852; -175.154; 12.0983
14; 6; 6; 0; 0; 0; 0; -0; 0
14; 7; 5; 0; 0; 0; 0; -0; 0
14; 8; 14; 0.112378; -0.529948; 1.89825; 39.8469; -162.622; 17.3463
14; 9; 9; -0.0232107; -0.297493; 1.63667; 109.624; 142.179; 4.02708
14; 10; 16; -0.0236765; -0.337585; 1.74566; -76.3625; 38.0549; 178.427
14; 11; 8; 0; 0; 0; 0; -0; 0
14; 12; 11; 0.114186; -0.614819; 2.32074; 50.3532; -165.355; 14.8022
14; 13; 7; 0; 0; 0; 0; -0; 0
14; 14; 9; 0.106075; -0.54094; 1.83069; 27.901; -171.19; 21.6496
14; 15; 7; 0.152298; -0.286577; 1.25612; 80.5103; -126.769; 4.01837
14; 16; 9; 0; 0; 0; 0; -0; 0
14; 17; 9; 0; 0; 0; 0; -0; 0
14; 18; 8; 0.0722616; -0.451444; 2.17925; 101.376; -166.354; 13.7642
14; 19; 10; 0; 0; 0; 0; -0; 0
14; 20; 9; -0.0462409; -0.346208; 1.58325; -107.663; 41.7681; 161.283
14; Median: 9; 0; 0; 1.25612; 4.01837; -0; 0
14; Mean: 8.95; 0.0261581; -0.214107; 0.902402; 30.0955; -35.2376; 8.86068
14; Range: 11; 0.198539; 0.614819; 2.32074; 178.427; 317.333; 217.287
14; Stdev: 2.95762; 0.0561033; 0.229947; 0.925547; 59.8074; 88.8106; 53.9032
15; 1; 6; 0; 0; 0; 0; -0; 0
15; 2; 10; 0; 0; 0; 0; -0; 0
15; 3; 9; 0; 0; 0; 0; -0; 0
15; 4; 5; 0; 0; 0; 0; -0; 0
15; 5; 3; 0; 0; 0; 0; -0; 0
15; 6; 10; 0; 0; 0; 0; -0; 0
15; 7; 8; 0; 0; 0; 0; -0; 0
15; 8; 11; 0; 0; 0; 0; -0; 0
15; 9; 6; 0; 0; 0; 0; -0; 0
15; 10; 10; 0; 0; 0; 0; -0; 0
15; 11; 8; 0; 0; 0; 0; -0; 0
15; 12; 9; 0; 0; 0; 0; -0; 0
15; 13; 8; 0; 0; 0; 0; -0; 0
15; 14; 8; 0; 0; 0; 0; -0; 0
15; 15; 11; 0; 0; 0; 0; -0; 0
15; 16; 8; -0.017537; -0.429668; 1.93447; -121.967; 121.127; 148.63
15; 17; 6; 0; 0; 0; 0; -0; 0
15; 18; 4; 0; 0; 0; 0; -0; 0
15; 19; 6; 0; 0; 0; 0; -0; 0
15; 20; 5; 0; 0; 0; 0; -0; 0
15; Median: 8; 0; 0; 0; 0; -0; 0
15; Mean: 7.55; -0.00087685; -0.0214834; 0.0967235; 7.43151; 6.05635; -6.09833
15; Range: 8; 0.017537; 0.429668; 1.93447; 148.63; 121.127; 121.967
15; Stdev: 2.26881; 0.0038221; 0.0936439; 0.421608; 32.3932; 26.399; 26.582
16; 1; 13; 0; 0; 0; 0; -0; 0
16; 2; 12; 0; 0; 0; 0; -0; 0
16; 3; 4; 0; 0; 0; 0; -0; 0
16; 4; 10; 0; 0; 0; 0; -0; 0
16; 5; 12; 0; 0; 0; 0; -0; 0
16; 6; 8; 0; 0; 0; 0; -0; 0
16; 7; 9; 0; 0; 0; 0; -0; 0
16; 8; 9; 0; 0; 0; 0; -0; 0
16; 9; 9; 0; 0; 0; 0; -0; 0
16; 10; 8; 0; 0; 0; 0; -0; 0
16; 11; 6; 0; 0; 0; 0; -0; 0
16; 12; 12; 0; 0; 0; 0; -0; 0
16; 13; 8; 0; 0; 0; 0; -0; 0
16; 14; 7; 0; 0; 0; 0; -0; 0
16; 15; 9; 0; 0; 0; 0; -0; 0
16; 16; 10; 0; 0; 0; 0; -0; 0
16; 17; 10; 0; 0; 0; 0; -0; 0
16; 18; 8; -0.153571; 0.30115; 0.0105848; -66.9556; -29.892; 175.278
16; 19; 10; 0; 0; 0; 0; -0; 0
16; 20; 9; 0; 0; 0; 0; -0; 0
16; Median: 9; 0; 0; 0; 0; -0; 0
16; Mean: 9.15; -0.00767854; 0.0150575; 0.000529238; 8.7639; -1.4946; -3.34778
16; Range: 9; 0.153571; 0.30115; 0.0105848; 175.278; 29.892; 66.9556
16; Stdev: 2.10416; 0.03347; 0.0656342; 0.00230689; 38.201; 6.51482; 14.5926
17; 1; 6; 0; 0; 0; 0; -0; 0
17; 2; 6; 0; 0; 0; 0; -0; 0
17; 3; 7; 0; 0; 0; 0; -0; 0
17; 4; 7; 0; 0; 0; 0; -0; 0
17; 5; 3; 0; 0; 0; 0; -0; 0
17; 6; 6; 0; 0; 0; 0; -0; 0
17; 7; 6; 0; 0; 0; 0; -0; 0
17; 8; 10; 0; 0; 0; 0; -0; 0
17; 9; 7; 0; 0; 0; 0; -0; 0
17; 10; 5; 0; 0; 0; 0; -0; 0
17; 11; 2; 0; 0; 0; 0; -0; 0
17; 12; 3; 0; 0; 0; 0; -0; 0
17; 13; 6; 0; 0; 0; 0; -0; 0
17; 14; 8; 0; 0; 0; 0; -0; 0
17; 15; 6; 0; 0; 0; 0; -0; 0
17; 16; 8; 0; 0; 0; 0; -0; 0
17; 17; 4; 0; 0; 0; 0; -0; 0
17; 18; 9; 0; 0; 0; 0; -0; 0
17; 19; 8; 0; 0; 0; 0; -0; 0
17; 20; 6; 0; 0; 0; 0; -0; 0
17; Median: 6; 0; 0; 0; 0; -0; 0
17; Mean: 6.15; 0; 0; 0; 0; 0; 0
17; Range: 8; 0; 0; 0; 0; 0; 0
17; Stdev: 1.98179; 0; 0; 0; 0; 0; 0
18; 1; 8; 0; 0; 0; 0; -0; 0
18; 2; 10; 0; 0; 0; 0; -0; 0
18; 3; 7; 0; 0; 0; 0; -0; 0
18; 4; 9; -0.179677; 0.33843; 0.33504; 72.9568; 39.6842; 9.05345
18; 5; 4; 0; 0; 0; 0; -0; 0
18; 6; 12; 0; 0; 0; 0; -0; 0
18; 7; 7; 0; 0; 0; 0; -0; 0
18; 8; 5; 0; 0; 0; 0; -0; 0
18; 9; 8; 0; 0; 0; 0; -0; 0
18; 10; 8; 0; 0; 0; 0; -0; 0
18; 11; 5; 0; 0; 0; 0; -0; 0
18; 12; 8; 0; 0; 0; 0; -0; 0
18; 13; 4; 0; 0; 0; 0; -0; 0
18; 14; 8; 0; 0; 0; 0; -0; 0
18; 15; 4; 0; 0; 0; 0; -0; 0
18; 16; 6; 0; 0; 0; 0; -0; 0
18; 17; 6; 0; 0; 0; 0; -0; 0
18; 18; 3; 0; 0; 0; 0; -0; 0
18; 19; 4; 0; 0; 0; 0; -0; 0
18; 20; 4; 0; 0; 0; 0; -0; 0
18; Median: 7; 0; 0; 0; 0; -0; 0
18; Mean: 6.5; -0.00898386; 0.0169215; 0.016752; 0.452672; 1.98421; 3.64784
18; Range: 9; 0.179677; 0.33843; 0.33504; 9.05345; 39.6842; 72.9568
18; Stdev: 2.33452; 0.0391597; 0.073759; 0.0730203; 1.97315; 8.64897; 15.9006
19; 1; 7; 0; 0; 0; 0; -0; 0
19; 2; 10; 0; 0; 0; 0; -0; 0
19; 3; 9; 0; 0; 0; 0; -0; 0
19; 4; 6; 0; 0; 0; 0; -0; 0
19; 5; 10; 0; 0; 0; 0; -0; 0
19; 6; 6; 0; 0; 0; 0; -0; 0
19; 7; 6; -0.170309; 0.380041; 0.64954; -125.065; 107.57; 167.024
19; 8; 10; 0; 0; 0; 0; -0; 0
19; 9; 4; 0; 0; 0; 0; -0; 0
19; 10; 6; 0; 0; 0; 0; -0; 0
19; 11; 6; 0; 0; 0; 0; -0; 0
19; 12; 11; 0; 0; 0; 0; -0; 0
19; 13; 10; 0; 0; 0; 0; -0; 0
19; 14; 8; 0; 0; 0; 0; -0; 0
19; 15; 7; 0; 0; 0; 0; -0; 0
19; 16; 9; 0; 0; 0; 0; -0; 0
19; 17; 8; 0; 0; 0; 0; -0; 0
19; 18; 8; 0; 0; 0; 0; -0; 0
19; 19; 7; 0; 0; 0; 0; -0; 0
19; 20; 5; 0; 0; 0; 0; -0; 0
19; Median: 8; 0; 0; 0; 0; -0; 0
19; Mean: 7.65; -0.00851543; 0.019002; 0.032477; 8.35121; 5.3785; -6.25326
19; Range: 7; 0.170309; 0.380041; 0.64954; 167.024; 107.57; 125.065
19; Stdev: 1.9046; 0.0371179; 0.082828; 0.141564; 36.4021; 23.4443; 27.2573
20; 1; 9; 0; 0; 0; 0; -0; 0
20; 2; 4; 0; 0; 0; 0; -0; 0
20; 3; 7; 0; 0; 0; 0; -0; 0
20; 4; 4; 0; 0; 0; 0; -0; 0
20; 5; 6; 0; 0; 0; 0; -0; 0
20; 6; 3; 0; 0; 0; 0; -0; 0
20; 7; 5; 0; 0; 0; 0; -0; 0
20; 8; 7; 0; 0; 0; 0; -0; 0
20; 9; 4; 0; 0; 0; 0; -0; 0
20; 10; 9; 0; 0; 0; 0; -0; 0
20; 11; 3; 0; 0; 0; 0; -0; 0
20; 12; 7; 0; 0; 0; 0; -0; 0
20; 13; 6; 0; 0; 0; 0; -0; 0
20; 14; 6; 0; 0; 0; 0; -0; 0
20; 15; 5; 0; 0; 0; 0; -0; 0
20; 16; 7; 0; 0; 0; 0; -0; 0
20; 17; 8; 0; 0; 0; 0; -0; 0
20; 18; 3; 0; 0; 0; 0; -0; 0
20; 19; 6; 0; 0; 0; 0; -0; 0
20; 20; 5; 0; 0; 0; 0; -0; 0
20; Median: 6; 0; 0; 0; 0; -0; 0
20; Mean: 5.7; 0; 0; 0; 0; 0; 0
20; Range: 6; 0; 0; 0; 0; 0; 0
20; Stdev: 1.81934; 0; 0; 0; 0; 0; 0
21; 1; 5; 0; 0; 0; 0; -0; 0
21; 2; 12; 0; 0; 0; 0; -0; 0
21; 3; 7; 0; 0; 0; 0; -0; 0
21; 4; 6; 0; 0; 0; 0; -0; 0
21; 5; 3; 0; 0; 0; 0; -0; 0
21; 6; 8; 0; 0; 0; 0; -0; 0
21; 7; 5; 0; 0; 0; 0; -0; 0
21; 8; 4; 0; 0; 0; 0; -0; 0
21; 9; 9; 0; 0; 0; 0; -0; 0
21; 10; 12; 0.593735; -0.00144608; 1.79171; -120.237; -67.2687; 54.0542
21; 11; 13; 0; 0; 0; 0; -0; 0
21; 12; 8; 0; 0; 0; 0; -0; 0
21; 13; 10; 0; 0; 0; 0; -0; 0
21; 14; 5; 0; 0; 0; 0; -0; 0
21; 15; 8; 0; 0; 0; 0; -0; 0
21; 16; 10; 0; 0; 0; 0; -0; 0
21; 17; 10; 0; 0; 0; 0; -0; 0
21; 18; 13; 0; 0; 0; 0; -0; 0
21; 19; 15; 0; 0; 0; 0; -0; 0
21; 20; 8; 0; 0; 0; 0; -0; 0
21; Median: 8; 0; 0; 0; 0; -0; 0
21; Mean: 8.55; 0.0296867; -7.23038e-05; 0.0895856; 2.70271; -3.36344; -6.01185
21; Range: 12; 0.593735; 0.00144608; 1.79171; 54.0542; 67.2687; 120.237
21; Stdev: 3.24769; 0.129401; 0.000315165; 0.390495; 11.7808; 14.6609; 26.205
22; 1; 9; 0; 0; 0; 0; -0; 0
22; 2; 12; 0; 0; 0; 0; -0; 0
22; 3; 10; 0; 0; 0; 0; -0; 0
22; 4; 7; 0; 0; 0; 0; -0; 0
22; 5; 9; 0; 0; 0; 0; -0; 0
22; 6; 10; 0; 0; 0; 0; -0; 0
22; 7; 9; 0; 0; 0; 0; -0; 0
22; 8; 15; 0; 0; 0; 0; -0; 0
22; 9; 12; 0; 0; 0; 0; -0; 0
22; 10; 4; 0; 0; 0; 0; -0; 0
22; 11; 12; 0; 0; 0; 0; -0; 0
22; 12; 10; 0; 0; 0; 0; -0; 0
22; 13; 14; 0; 0; 0; 0; -0; 0
22; 14; 8; 0; 0; 0; 0; -0; 0
22; 15; 14; 0; 0; 0; 0; -0; 0
22; 16; 7; 0; 0; 0; 0; -0; 0
22; 17; 14; 0; 0; 0; 0; -0; 0
22; 18; 11; 0; 0; 0; 0; -0; 0
22; 19; 14; 0; 0; 0; 0; -0; 0
22; 20; 12; 0; 0; 0; 0; -0; 0
22; Median: 11; 0; 0; 0; 0; -0; 0
22; Mean: 10.65; 0; 0; 0; 0; 0; 0
22; Range: 11; 0; 0; 0; 0; 0; 0
22; Stdev: 2.81558; 0; 0; 0; 0; 0; 0
