Linear Detection Measurement - Goesser_35_88_
Pose p; Framenumber n; number of detected matches; targetpose px[m]; py[m]; pz[m]; rotx[°]; roty[°]; rotz[°]
Pose p; calculate Median
Pose p; calculate Mittelwert
Pose p; calculate Spannweite
Pose p; calculate Stdev
1; 1; 29; -0.159634; -0.15851; 1.17188; 113.165; 34.4965; 165.063
1; 2; 32; -0.263097; 0.128714; 0.945906; 129.378; 153.653; 122.712
1; 3; 28; 0; 0; 0; 0; -0; 0
1; 4; 26; 0; 0; 0; 0; -0; 0
1; 5; 28; 0; 0; 0; 0; -0; 0
1; 6; 38; 0.104859; 0.348119; 1.14326; 37.7411; -135.834; 17.94
1; 7; 33; -0.127304; -0.259461; 0.384772; 86.768; 26.3774; 173.615
1; 8; 34; 0.264379; -0.219891; 0.559607; -87.9232; -147.025; 17.3231
1; 9; 34; 0; 0; 0; 0; -0; 0
1; 10; 35; 0.207926; -0.13697; 0.203556; -153.169; 155.582; 4.31762
1; 11; 34; 0; 0; 0; 0; -0; 0
1; 12; 39; 0.140758; 0.357052; 1.20373; 87.6002; 78.1788; 6.5697
1; 13; 32; 0; 0; 0; 0; -0; 0
1; 14; 28; 0; 0; 0; 0; -0; 0
1; 15; 35; 0.138392; 0.359478; 0.408767; -110.175; 33.4738; 127.628
1; 16; 33; 0.265182; -0.00548449; 0.582831; -171.959; -71.7896; 162.504
1; 17; 28; 0.0102581; 0.346847; 0.772778; -19.4954; -80.1097; 116.067
1; 18; 28; -0.198383; 0.294896; 0.405631; 29.1896; -73.7128; 114.085
1; 19; 33; 0; 0; 0; 0; -0; 0
1; 20; 27; 0; 0; 0; 0; -0; 0
1; Median: 33; 0; 0; 0.384772; 6.5697; -0; 0
1; Mean: 31.7; 0.0191668; 0.0527394; 0.389136; 51.3912; -1.33547; -2.94395
1; Range: 13; 0.528279; 0.618939; 1.20373; 173.615; 302.607; 301.337
1; Stdev: 3.64829; 0.137192; 0.187842; 0.433973; 66.8925; 75.4883; 77.5017
2; 1; 37; 0; 0; 0; 0; -0; 0
2; 2; 28; -0.181352; -0.193704; 0.872612; 88.1022; 9.24533; 162.006
2; 3; 31; -0.209337; -0.0183605; 0.928928; 105.614; 68.2119; 128.505
2; 4; 31; 0; 0; 0; 0; -0; 0
2; 5; 21; 0.299422; 0.095142; 0.480155; -98.4466; -61.4856; 105.084
2; 6; 33; 0; 0; 0; 0; -0; 0
2; 7; 34; 0; 0; 0; 0; -0; 0
2; 8; 28; 0; 0; 0; 0; -0; 0
2; 9; 30; 0; 0; 0; 0; -0; 0
2; 10; 26; -0.157898; -0.167378; 1.13634; 111.932; 35.1221; 165.89
2; 11; 31; 0; 0; 0; 0; -0; 0
2; 12; 40; 0; 0; 0; 0; -0; 0
2; 13; 23; 0; 0; 0; 0; -0; 0
2; 14; 28; 0; 0; 0; 0; -0; 0
2; 15; 32; 0.0773347; 0.356849; 0.853794; 53.9745; -127.967; 17.2531
2; 16; 28; -0.118121; 0.305558; 0.319636; -41.2166; -77.6349; 150.133
2; 17; 30; 0; 0; 0; 0; -0; 0
2; 18; 29; 0; 0; 0; 0; -0; 0
2; 19; 28; 0; 0; 0; 0; -0; 0
2; 20; 32; 0; 0; 0; 0; -0; 0
2; Median: 30; 0; 0; 0; 0; -0; 0
2; Mean: 30; -0.0144975; 0.0189053; 0.229573; 36.4436; -7.72543; 10.998
2; Range: 19; 0.508758; 0.550553; 1.13634; 165.89; 196.179; 210.379
2; Stdev: 4.19524; 0.101741; 0.120101; 0.38231; 62.2883; 39.3456; 46.5455
3; 1; 43; 0; 0; 0; 0; -0; 0
3; 2; 45; 0; 0; 0; 0; -0; 0
3; 3; 55; 0; 0; 0; 0; -0; 0
3; 4; 42; 0.045013; 0.312507; 0.957343; 63.7988; -147.932; 13.3179
3; 5; 36; 0.0935258; 0.302575; 1.01258; 52.0958; -153.287; 10.6568
3; 6; 40; 0; 0; 0; 0; -0; 0
3; 7; 34; -0.143908; 0.171573; 0.529787; 102.8; -8.52772; 94.0222
3; 8; 49; 0; 0; 0; 0; -0; 0
3; 9; 49; 0; 0; 0; 0; -0; 0
3; 10; 39; -0.165177; 0.273986; 0.449791; 89.6027; -2.10702; 66.6519
3; 11; 45; 0; 0; 0; 0; -0; 0
3; 12; 36; -0.192067; -0.204223; 0.845149; 106.989; 41.6087; 158.769
3; 13; 38; -0.143801; -0.153485; 3.08258; -38.1193; 143.939; 9.88299
3; 14; 42; 0.254174; -0.198472; 0.315601; -109.629; -120.992; 48.9629
3; 15; 35; 0.0398405; 0.311426; 0.959349; 60.7042; -178.901; 10.1543
3; 16; 35; 0; 0; 0; 0; -0; 0
3; 17; 38; 0.0892746; 0.299325; 1.0192; 50.0967; -155.573; 9.70434
3; 18; 48; 0.0925621; 0.30369; 1.0084; 53.0699; -153.489; 10.167
3; 19; 39; 0.139305; -0.249586; 0.138418; -80.7532; -30.0937; 35.2834
3; 20; 37; 0; 0; 0; 0; -0; 0
3; Median: 40; 0; 0; 0.315601; 9.88299; -0; 0
3; Mean: 41.25; 0.0054371; 0.0584658; 0.51591; 23.3786; -38.2677; 17.5328
3; Range: 21; 0.446241; 0.562093; 3.08258; 158.769; 322.84; 216.618
3; Stdev: 5.58458; 0.104374; 0.183182; 0.721557; 39.9315; 81.8326; 54.6275
4; 1; 53; 0.326476; -0.171741; 0.897771; -114.203; -48.4164; 57.7655
4; 2; 61; 0.114827; 0.230544; 1.12894; 39.1969; -156.709; 15.8906
4; 3; 62; 0; 0; 0; 0; -0; 0
4; 4; 48; 0; 0; 0; 0; -0; 0
4; 5; 67; -0.0710567; 0.226457; 0.835876; 92.342; 174.673; 40.9681
4; 6; 53; 0.137029; 0.180818; 0.935255; 43.9109; -143.431; 5.88996
4; 7; 47; 0.10226; 0.249697; 1.12711; 51.8644; -158.502; 10.3034
4; 8; 52; 0; 0; 0; 0; -0; 0
4; 9; 60; 0; 0; 0; 0; -0; 0
4; 10; 55; 0.100087; 0.244537; 1.10687; 52.8422; -159.453; 10.5129
4; 11; 63; 0.0948706; 0.248374; 1.13554; 51.3693; -161.599; 10.8145
4; 12; 65; 0; 0; 0; 0; -0; 0
4; 13; 53; 0; 0; 0; 0; -0; 0
4; 14; 52; 0.111445; 0.241464; 1.10763; 49.9548; -156.02; 10.6224
4; 15; 54; -0.106732; 0.42258; 1.17128; 149.5; 123.448; 44.7661
4; 16; 54; 0.0689756; 0.28311; 0.963581; 87.3133; -167.008; 5.08641
4; 17; 72; 0.0847819; 0.232439; 1.16982; 49.2342; -174.975; 11.3847
4; 18; 61; 0; 0; 0; 0; -0; 0
4; 19; 45; 0.0989992; 0.240741; 1.11253; 49.8289; -160.827; 11.9975
4; 20; 53; 0.0997429; 0.242965; 1.11629; 50.8168; -160.054; 11.2479
4; Median: 54; 0.0847819; 0.230544; 0.963581; 10.5129; -48.4164; 49.2342
4; Mean: 56.5; 0.0580853; 0.143599; 0.690424; 12.3625; -67.4436; 32.6985
4; Range: 27; 0.433208; 0.59432; 1.17128; 57.7655; 349.648; 263.703
4; Stdev: 6.88113; 0.0897501; 0.145961; 0.514037; 16.0035; 103.259; 50.8575
5; 1; 63; 0.0241363; 0.355122; 1.07576; 150.829; 168.566; 15.8968
5; 2; 72; 0.124502; 0.172575; 1.22017; 51.7916; -162.145; 10.0151
5; 3; 56; 0.132564; 0.169306; 1.20428; 50.9453; -158.684; 10.66
5; 4; 61; 0.134187; 0.16855; 1.20648; 50.239; -158.529; 10.0219
5; 5; 66; 0.15554; 0.159413; 1.17335; 43.9861; -150.404; 13.0861
5; 6; 66; 0.138482; 0.164694; 1.21765; 47.4432; -157.717; 10.8925
5; 7; 64; 0.128873; 0.176663; 1.19863; 55.8994; -160.215; 8.06905
5; 8; 61; 0.105978; 0.157644; 1.2605; 45.5972; -170.912; 12.1274
5; 9; 66; 0.0985433; 0.139163; 1.21977; 40.947; -174.554; 14.8819
5; 10; 63; 0.127149; 0.168994; 1.2281; 49.3815; -161.042; 12.2607
5; 11; 67; 0.0440086; 0.3491; 1.23949; 126.716; 166.287; 4.58188
5; 12; 61; 0.135078; 0.169987; 1.19983; 50.8909; -158.178; 9.82943
5; 13; 69; 0.114596; 0.185626; 1.18356; 57.4505; -163.671; 9.93458
5; 14; 52; 0.129094; 0.179113; 1.20151; 55.9087; -160.127; 8.25979
5; 15; 50; 0.134137; 0.167472; 1.21955; 48.8521; -159.006; 11.0712
5; 16; 63; 0.130984; 0.161599; 1.22668; 46.2595; -160.761; 11.7062
5; 17; 64; 0.130958; 0.167295; 1.21951; 48.6074; -160.831; 11.2661
5; 18; 69; 0.12552; 0.171733; 1.21227; 52.7401; -162.212; 9.39304
5; 19; 65; 0.131603; 0.163037; 1.20699; 48.034; -160.411; 11.1089
5; 20; 61; 0.136736; 0.163155; 1.18572; 47.5493; -158.086; 13.6237
5; Median: 64; 0.130958; 0.168994; 1.21227; 11.0712; -160.127; 50.239
5; Mean: 62.95; 0.119133; 0.185512; 1.20499; 10.9343; -128.132; 58.5034
5; Range: 22; 0.131403; 0.215959; 0.184733; 11.3149; 343.12; 109.882
5; Stdev: 5.27707; 0.0307778; 0.0562774; 0.0353395; 2.42978; 98.6339; 27.3083
6; 1; 73; 0.141777; 0.0959962; 1.29998; 49.4018; -160.772; 12.6401
6; 2; 71; 0.139084; 0.094229; 1.35151; 51.6818; -162.176; 6.89368
6; 3; 66; 0.141336; 0.0930337; 1.32694; 50.4192; -161.184; 8.37059
6; 4; 75; 0.149853; 0.100389; 1.31186; 50.9211; -157.893; 10.846
6; 5; 74; 0.151376; 0.0888393; 1.30202; 44.6974; -158.059; 14.8815
6; 6; 68; 0.133704; 0.0938958; 1.33348; 50.8286; -163.415; 9.44371
6; 7; 63; 0.143414; 0.105141; 1.28847; 51.5751; -159.346; 12.9828
6; 8; 53; 0.163222; 0.0882686; 1.25339; 44.636; -152.054; 14.0537
6; 9; 80; 0.152278; 0.103264; 1.28623; 50.1274; -156.233; 14.1079
6; 10; 66; 0.174812; 0.0462126; 1.25287; 35.8554; -156.75; 15.0149
6; 11; 69; 0.157069; 0.101343; 1.30864; 50.5679; -155.159; 11.2051
6; 12; 83; 0.145218; 0.0953684; 1.29272; 48.0908; -159.88; 13.4902
6; 13; 72; 0.15492; 0.088926; 1.28962; 44.2588; -157.302; 15.6109
6; 14; 68; 0.158165; 0.10104; 1.29801; 50.3; -154.569; 11.7057
6; 15; 73; 0.145427; 0.0957453; 1.28181; 49.2013; -159.318; 12.6445
6; 16; 73; 0.149886; 0.0996563; 1.31031; 50.9057; -157.902; 10.7249
6; 17; 65; 0.136632; 0.0993189; 1.3041; 51.5039; -162.697; 11.1696
6; 18; 71; 0.151124; 0.089976; 1.30246; 44.8799; -158.63; 15.0767
6; 19; 62; 0.0350048; 0.273197; 1.13278; 142.473; 167.6; 14.2931
6; 20; 73; 0.151805; 0.0935519; 1.27804; 48.926; -157.203; 11.7685
6; Median: 71; 0.149886; 0.0957453; 1.29998; 12.6445; -157.902; 50.3
6; Mean: 69.9; 0.143805; 0.10237; 1.29026; 12.3462; -142.147; 53.0626
6; Range: 30; 0.139807; 0.226985; 0.218728; 8.71718; 331.015; 106.618
6; Stdev: 6.40234; 0.0266389; 0.0409392; 0.0427837; 2.29817; 71.1141; 20.8521
7; 1; 64; 0.147804; 0.0296109; 1.39482; 47.4647; -161.253; 10.8096
7; 2; 60; 0.156303; 0.0379123; 1.40139; 49.9609; -158.299; 12.069
7; 3; 66; 0.158331; 0.0405877; 1.39678; 48.8868; -157.608; 13.894
7; 4; 65; 0.149289; 0.0334848; 1.40543; 49.9663; -161.041; 8.87378
7; 5; 63; 0.161716; 0.0425558; 1.37089; 50.0369; -156.069; 12.3302
7; 6; 68; 0.131296; 0.0206506; 1.42423; 46.0217; -167.658; 10.6371
7; 7; 68; 0.149626; 0.0375943; 1.40442; 49.7732; -160.194; 11.8752
7; 8; 73; 0.146388; 0.034975; 1.39695; 50.0648; -161.455; 8.84701
7; 9; 80; 0.160708; 0.0407709; 1.36556; 49.3347; -156.415; 12.8606
7; 10; 76; 0.157569; 0.0435921; 1.40299; 51.0715; -157.803; 11.3745
7; 11; 68; 0.151099; 0.0411544; 1.38736; 50.6013; -159.814; 11.3794
7; 12; 66; 0.161889; 0.0396554; 1.31498; 47.7447; -155.204; 14.8052
7; 13; 84; 0.160924; 0.0530608; 1.42241; 53.4774; -156.49; 11.775
7; 14; 64; 0.155139; 0.0401826; 1.38701; 50.5483; -158.119; 10.797
7; 15; 70; 0.153967; 0.0399335; 1.38737; 50.551; -158.944; 11.0099
7; 16; 68; 0.152978; 0.0266203; 1.3443; 46.8845; -159.961; 10.8672
7; 17; 63; 0.159077; 0.0412899; 1.3904; 50.4009; -157.104; 10.9216
7; 18; 66; 0.142917; 0.0323851; 1.40905; 49.4741; -163.127; 10.1312
7; 19; 71; 0.141015; 0.0362642; 1.41818; 51.7051; -163.711; 8.89442
7; 20; 67; 0.15791; 0.0390358; 1.38923; 50.0256; -157.766; 11.7497
7; Median: 68; 0.155139; 0.0396554; 1.39678; 11.3745; -158.299; 50.0256
7; Mean: 68.5; 0.152797; 0.0375658; 1.39069; 11.2951; -159.402; 49.6997
7; Range: 24; 0.0305929; 0.0324103; 0.109257; 5.95817; 12.4535; 7.45569
7; Stdev: 5.76628; 0.007807; 0.00666212; 0.0254313; 1.48792; 2.95783; 1.65132
8; 1; 71; 0.119333; 0.00721543; 1.43043; 52.1849; -156.82; 10.3379
8; 2; 80; 0.114547; 0.0164206; 1.46911; 53.9001; -159.101; 11.224
8; 3; 86; 0.114091; 0.00494686; 1.42524; 50.5841; -160.018; 10.5158
8; 4; 71; 0.107772; 0.00743352; 1.42441; 51.6326; -162.19; 10.6164
8; 5; 88; 0.107107; 0.00353795; 1.44437; 50.8057; -162.492; 11.0236
8; 6; 73; 0.122443; 0.00761748; 1.45011; 51.5546; -157.985; 9.89516
8; 7; 77; 0.10746; 0.000495121; 1.45661; 51.0245; -161.745; 10.2336
8; 8; 77; 0.112523; 0.00634112; 1.41967; 49.7226; -160.411; 13.6902
8; 9; 67; 0.100559; 0.000244107; 1.46242; 49.4092; -164.714; 12.6728
8; 10; 71; 0.105343; -0.00113164; 1.45571; 49.6764; -162.651; 11.1842
8; 11; 77; 0.105343; -0.0086216; 1.4431; 46.2051; -163.951; 12.7646
8; 12; 69; 0.121015; 0.00511807; 1.41455; 50.2247; -157.911; 10.3178
8; 13; 73; 0.110701; 0.00402246; 1.4471; 50.9572; -161.768; 11.1829
8; 14; 81; 0.111319; 0.00716974; 1.42338; 51.318; -160.429; 10.5186
8; 15; 79; 0.110257; -0.00036534; 1.46059; 48.9234; -161.699; 11.6686
8; 16; 79; 0.108291; 0.00419457; 1.44224; 50.9345; -161.737; 11.0298
8; 17; 80; 0.107376; 3.28862e-05; 1.43446; 48.7212; -162.929; 13.5995
8; 18; 78; 0.112526; -0.00132814; 1.44017; 49.9681; -160.845; 9.40602
8; 19; 74; 0.103599; 0.0184704; 1.38527; 53.2035; -163.105; 10.6221
8; 20; 73; 0.118132; 0.00392984; 1.44016; 49.8914; -158.963; 10.5405
8; Median: 77; 0.110701; 0.00419457; 1.44224; 11.0236; -161.699; 50.8057
8; Mean: 76.2; 0.110987; 0.00428717; 1.43846; 11.1522; -161.073; 50.5421
8; Range: 21; 0.0218847; 0.027092; 0.083836; 4.28414; 7.89315; 7.69499
8; Stdev: 5.29717; 0.00576832; 0.00587525; 0.0191715; 1.14519; 2.05677; 1.62493
9; 1; 81; 0.0805392; -0.0634046; 1.50472; 51.9659; -169.826; 8.97956
9; 2; 64; 0.111156; -0.0678319; 1.51715; 49.0552; -161.59; 12.6347
9; 3; 57; 0.129247; -0.0676496; 1.52855; 48.9977; -154.153; 10.5518
9; 4; 68; 0.121928; -0.062978; 1.5119; 49.3432; -157.417; 12.472
9; 5; 61; 0.11064; -0.0637996; 1.53025; 50.9281; -161.516; 10.7273
9; 6; 63; 0.108422; -0.0604449; 1.51371; 51.8141; -162.051; 10.4621
9; 7; 59; 0.118792; -0.0691919; 1.5363; 48.1689; -158.83; 11.1101
9; 8; 53; 0.116507; -0.0748092; 1.52333; 45.9646; -159.692; 14.0987
9; 9; 62; 0.102024; -0.0706154; 1.53933; 48.7524; -164.999; 13.0767
9; 10; 57; 0.0894229; -0.0788983; 1.55918; 48.0067; -169.332; 11.3165
9; 11; 70; 0.114722; -0.0603615; 1.51115; 52.0422; -159.997; 9.81809
9; 12; 62; 0.102449; -0.0627091; 1.51956; 51.8857; -164.218; 8.90094
9; 13; 69; 0.108793; -0.062345; 1.52392; 50.8527; -161.398; 11.0365
9; 14; 59; 0.0945072; -0.0744089; 1.56381; 48.7421; -167.999; 12.0552
9; 15; 59; 0.0945449; -0.072013; 1.5574; 49.5071; -167.23; 12.4607
9; 16; 53; 0.107446; -0.086392; 1.52502; 43.8229; -163.999; 13.5268
9; 17; 66; 0.128118; -0.0536713; 1.4995; 50.5222; -155.416; 13.9191
9; 18; 57; 0.117122; -0.0613637; 1.49235; 50.9195; -159.614; 10.6332
9; 19; 68; 0.121396; -0.0710994; 1.52056; 46.9305; -158.658; 12.7429
9; 20; 63; 0.117311; -0.049591; 1.46491; 55.3748; -159.299; 8.49359
9; Median: 62; 0.111156; -0.0637996; 1.52333; 11.3165; -161.398; 49.5071
9; Mean: 62.55; 0.109754; -0.0666789; 1.52213; 11.4508; -161.862; 49.6798
9; Range: 28; 0.0487078; 0.036801; 0.0988945; 5.60514; 15.6732; 11.5519
9; Stdev: 6.4302; 0.0124877; 0.00828045; 0.0226687; 1.62572; 4.27852; 2.463
10; 1; 58; 0.0774825; -0.113316; 1.59137; 52.2588; -159.939; 11.1276
10; 2; 50; 0.0807331; -0.115164; 1.57936; 52.3202; -159.258; 9.86402
10; 3; 54; 0.0706055; -0.120457; 1.58684; 50.4889; -162.62; 12.2905
10; 4; 49; 0.0833989; -0.120519; 1.56001; 48.1405; -159.113; 12.7298
10; 5; 50; 0.0729717; -0.119877; 1.60116; 50.8661; -162.089; 11.0158
10; 6; 51; 0.0770252; -0.111675; 1.56824; 52.7236; -160.775; 10.1663
10; 7; 46; 0.0733127; -0.117703; 1.6039; 51.6462; -162.188; 10.4077
10; 8; 45; 0.0731948; -0.112696; 1.60446; 53.3983; -161.526; 10.389
10; 9; 51; 0.071412; -0.129024; 1.62873; 49.0079; -163.389; 10.68
10; 10; 55; 0.0855481; -0.11234; 1.57272; 52.3926; -157.673; 10.7483
10; 11; 52; 0.0769035; -0.115652; 1.58367; 51.5691; -160.653; 10.8951
10; 12; 47; 0.0711369; -0.115231; 1.58836; 51.4112; -162.167; 10.6348
10; 13; 45; 0.0727267; -0.117654; 1.59669; 51.6203; -161.885; 10.5325
10; 14; 47; 0.0585521; -0.136907; 1.66301; 48.6474; -165.968; 12.2488
10; 15; 42; 0.0760533; -0.111745; 1.56605; 51.5251; -161.015; 10.7526
10; 16; 49; 0.0654588; -0.119421; 1.61211; 52.6267; -164.815; 9.90216
10; 17; 43; 0.0722795; -0.113579; 1.58838; 53.9003; -161.858; 9.48212
10; 18; 52; 0.0680861; -0.110818; 1.58511; 53.5601; -163.548; 9.78668
10; 19; 46; 0.0748912; -0.115534; 1.61446; 52.1906; -161.548; 11.0224
10; 20; 39; 0.0742855; -0.122451; 1.60289; 50.4748; -161.766; 12.2989
10; Median: 49; 0.0733127; -0.115534; 1.59137; 10.7483; -161.766; 51.6462
10; Mean: 48.55; 0.0738029; -0.117588; 1.59488; 10.8488; -161.69; 51.5384
10; Range: 19; 0.0269959; 0.0260889; 0.103003; 3.24768; 8.29528; 5.75974
10; Stdev: 4.52189; 0.00583436; 0.00621784; 0.0230438; 0.887267; 1.87288; 1.53339
11; 1; 35; 0.122027; -0.184214; 1.66709; 56.2785; -161.02; 8.82717
11; 2; 38; 0.116671; -0.191198; 1.67957; 51.7117; -161.971; 11.7044
11; 3; 35; 0.116089; -0.226769; 1.70891; 42.741; -163.98; 14.742
11; 4; 29; 0.118314; -0.188132; 1.66555; 51.5842; -162.305; 10.7625
11; 5; 35; 0.122258; -0.189222; 1.67212; 49.9703; -162.337; 10.2392
11; 6; 36; 0.119838; -0.196438; 1.68223; 49.9348; -161.397; 12.4118
11; 7; 33; 0.119281; -0.19109; 1.65746; 50.9512; -162.251; 11.1928
11; 8; 37; 0.116386; -0.204799; 1.68731; 48.0816; -162.973; 12.774
11; 9; 40; 0.113706; -0.177017; 1.64785; 55.4024; -163.195; 9.41664
11; 10; 33; 0.103641; -0.190788; 1.69907; 55.4028; -166.064; 10.3925
11; 11; 31; 0.122868; -0.191213; 1.67274; 52.5793; -161.923; 9.41926
11; 12; 31; 0.115034; -0.185861; 1.66138; 51.3926; -161.504; 11.932
11; 13; 38; 0.129226; -0.226596; 1.66958; 39.7523; -161.304; 16.0805
11; 14; 28; 0.115393; -0.231553; 1.72968; 41.937; -166.097; 13.0424
11; 15; 37; 0.117455; -0.19289; 1.67177; 51.0137; -161.881; 13.1188
11; 16; 40; 0.121136; -0.20374; 1.69725; 48.8611; -161.361; 14.1877
11; 17; 33; 0.117921; -0.201372; 1.68913; 49.1525; -162.806; 12.3162
11; 18; 30; 0.0604471; -0.235942; 1.66276; -179.53; 49.853; 99.7135
11; 19; 28; 0.128742; -0.19637; 1.69094; 53.3084; -159.832; 8.8805
11; 20; 36; 0.121422; -0.19623; 1.68471; 49.8932; -161.351; 12.0745
11; Median: 35; 0.118314; -0.19289; 1.67957; 12.0745; -161.923; 50.9512
11; Mean: 34.15; 0.115893; -0.200072; 1.67986; 16.1614; -151.785; 38.5209
11; Range: 12; 0.0687785; 0.0589246; 0.0818241; 90.8863; 215.95; 235.808
11; Stdev: 3.65068; 0.0137807; 0.0164225; 0.0188415; 19.2621; 46.2833; 50.2004
12; 1; 28; 0.145881; -0.217035; 1.86222; 76.5221; -145.86; 3.09429
12; 2; 28; 0.142735; -0.184934; 1.78949; 75.722; -141.384; 11.5614
12; 3; 25; 0.094703; -0.244499; 1.85374; 60.0497; -169.185; 8.63496
12; 4; 30; 0.146726; -0.205996; 1.73084; 64.7539; -142.746; 11.9345
12; 5; 26; 0.229447; -0.146851; 0.94842; -106.624; -86.019; 158.32
12; 6; 28; -0.0103949; -0.0884698; 1.57141; 116.363; 159.483; 12.7713
12; 7; 31; 0.105079; -0.296455; 1.74141; 37.6758; -168.193; 15.6784
12; 8; 19; -0.011421; -0.0234438; 1.29219; 134.977; 157.775; 18.9708
12; 9; 25; 0.129657; -0.216499; 1.73086; 61.1278; -155.552; 11.0899
12; 10; 24; 0.119884; -0.25793; 1.7676; 48.6002; -162.021; 11.2702
12; 11; 35; 0.110489; -0.240369; 1.75065; 55.6083; -163.413; 9.66559
12; 12; 29; 0.113263; -0.286986; 1.80101; 42.7262; -164.862; 13.6336
12; 13; 27; 0.124423; -0.272201; 1.739; 43.3908; -160.619; 14.4011
12; 14; 30; 0.127918; -0.260574; 1.82021; 50.5822; -159.143; 13.8612
12; 15; 31; 0.120068; -0.167727; 1.68878; 77.347; -153.415; 7.9986
12; 16; 23; 0.12245; -0.248738; 1.78505; 54.7287; -159.417; 11.3539
12; 17; 22; 0.114822; -0.210415; 1.67958; 61.1105; -159.693; 7.04738
12; 18; 24; 0.119193; -0.257907; 1.77474; 49.7174; -161.999; 11.3994
12; 19; 34; 0.0784869; -0.255691; 1.78686; 54.2244; -173.453; 10.2507
12; 20; 28; 0.126849; -0.233396; 1.7837; 58.1; -157.371; 11.638
12; Median: 28; 0.120068; -0.233396; 1.7676; 11.5614; -159.143; 58.1
12; Mean: 27.35; 0.112513; -0.215806; 1.69489; 18.7287; -123.354; 55.8352
12; Range: 16; 0.240868; 0.273012; 0.913797; 155.225; 332.936; 241.601
12; Stdev: 3.87653; 0.0500052; 0.0656042; 0.208566; 32.1875; 95.6445; 43.8988
13; 1; 26; 0.0922476; -0.31531; 1.69669; 41.0098; -162.769; 16.3891
13; 2; 26; 0.0892086; -0.313907; 1.83996; -155.038; 53.8191; 121.697
13; 3; 25; 0.135843; -0.207732; 1.64959; 71.5585; -139.006; 7.62636
13; 4; 22; 0.108874; -0.230716; 1.83656; 74.5006; -151.692; 10.747
13; 5; 21; -0.0999237; -0.216569; 1.74423; 106.018; 50.98; 12.3258
13; 6; 19; -0.0486509; -0.160956; 1.68198; 104.772; 139.704; 1.01459
13; 7; 25; 0.121496; -0.232801; 1.77046; 67.8158; -144.955; 19.3363
13; 8; 26; 0.103679; -0.325207; 1.86319; 46.17; -158.058; 15.6802
13; 9; 27; 0.083513; -0.336587; 1.84305; 41.8656; -166.982; 12.589
13; 10; 26; 0.0948736; -0.265552; 1.79742; 61.2869; -158.817; 7.66326
13; 11; 23; -0.0550487; -0.246486; 1.95169; 112.341; 59.0429; 14.929
13; 12; 23; 0.100906; -0.291374; 1.8288; 56.2455; -158.256; 10.7588
13; 13; 29; 0.175074; -0.166523; 1.39669; -104.316; 40.4549; 166.728
13; 14; 16; 0; 0; 0; 0; -0; 0
13; 15; 21; 0.106456; -0.282358; 1.70426; 50.5032; -155.479; 12.3743
13; 16; 23; 0.113712; -0.260345; 1.70828; 55.881; -150.866; 16.3154
13; 17; 23; 0.00415096; -0.34804; 2.04992; -127.551; 12.2117; 168.517
13; 18; 16; -0.00730427; -0.183682; 1.83964; 109.66; 168.357; 9.79255
13; 19; 23; 0.16252; -0.202105; 1.02904; 25.6409; -124.681; 27.7875
13; 20; 24; 0.0326189; -0.168548; 1.92404; 136.707; 179.489; 2.1721
13; Median: 23; 0.0948736; -0.232801; 1.79742; 12.589; -124.681; 56.2455
13; Mean: 23.2; 0.0657123; -0.23774; 1.65777; 32.7222; -48.375; 38.7535
13; Range: 13; 0.274998; 0.34804; 2.04992; 168.517; 346.471; 291.745
13; Stdev: 3.31059; 0.0741365; 0.0792226; 0.434356; 51.31; 122.371; 77.7139
14; 1; 17; 0.0290618; -0.192272; 1.63565; 78.9156; -158.304; 40.9294
14; 2; 14; 0; 0; 0; 0; -0; 0
14; 3; 18; 0.101241; -0.383506; 1.82333; 42.8348; -161.586; 18.6763
14; 4; 13; 0.0694774; -0.31424; 1.84635; -106.116; -3.38085; 176.952
14; 5; 17; 0; 0; 0; 0; -0; 0
14; 6; 23; 0.129239; -0.356349; 1.90619; 57.935; -148.092; 11.5538
14; 7; 15; 0; 0; 0; 0; -0; 0
14; 8; 20; -0.0323794; -0.171222; 1.56137; 106.786; 140.848; 1.77559
14; 9; 25; 0.132776; -0.339943; 1.81627; 57.7077; -146.568; 10.6483
14; 10; 19; -0.00493822; -0.248011; 1.90655; 112.054; 162.457; 7.0751
14; 11; 17; 0.135839; -0.354749; 1.83005; 50.4717; -146.258; 14.6844
14; 12; 18; 0.152388; -0.359034; 1.80218; 37.4126; -139.718; 25.2049
14; 13; 21; 0.0148424; -0.35348; 1.8431; -121.131; 10.9229; 173.876
14; 14; 21; 0.127944; -0.357596; 1.9021; 55.4643; -148.892; 14.1419
14; 15; 20; 0.0198816; -0.395996; 2.25757; 74.8289; 172.264; 3.96765
14; 16; 19; 0.117598; -0.295451; 1.808; 74.3919; -149.046; 8.64172
14; 17; 16; 0.0967419; -0.492865; 1.94617; 20.1088; -170.79; 22.0418
14; 18; 18; 0.131044; -0.371565; 1.92837; 52.8863; -149.262; 13.5363
14; 19; 19; -0.0358985; -0.304632; 1.84627; -104.123; 29.2986; 178.641
14; 20; 19; 0.109026; -0.333701; 1.84322; 63.9453; -156.159; 6.62132
14; Median: 19; 0.0967419; -0.333701; 1.8431; 13.5363; -139.718; 52.8863
14; Mean: 18.45; 0.0646942; -0.281231; 1.57514; 36.4483; -58.1132; 27.7187
14; Range: 12; 0.188286; 0.492865; 2.25757; 178.641; 343.054; 233.185
14; Stdev: 2.80134; 0.0631725; 0.136229; 0.673897; 59.6096; 115.123; 65.408
15; 1; 14; 0; 0; 0; 0; -0; 0
15; 2; 14; 0.106785; -0.373051; 1.10631; -21.1715; 143.091; 30.5131
15; 3; 18; 0; 0; 0; 0; -0; 0
15; 4; 19; 0; 0; 0; 0; -0; 0
15; 5; 9; 0; 0; 0; 0; -0; 0
15; 6; 15; 0.113121; -0.377802; 1.96171; 73.1991; -149.872; 10.3545
15; 7; 14; -0.0284789; -0.0940173; 1.15334; 151.369; 177.513; 27.4211
15; 8; 10; 0; 0; 0; 0; -0; 0
15; 9; 17; 0; 0; 0; 0; -0; 0
15; 10; 19; 0; 0; 0; 0; -0; 0
15; 11; 14; 0; 0; 0; 0; -0; 0
15; 12; 11; -0.0262845; -0.324059; 1.93719; -84.1994; 29.2046; 178.356
15; 13; 20; 0.126132; -0.372733; 1.8619; 71.7284; -146.574; 2.9688
15; 14; 16; 0; 0; 0; 0; -0; 0
15; 15; 17; 0; 0; 0; 0; -0; 0
15; 16; 17; 0; 0; 0; 0; -0; 0
15; 17; 13; 0; 0; 0; 0; -0; 0
15; 18; 20; -0.0319784; -0.12034; 1.26058; -84.4505; 79.0803; 134.492
15; 19; 15; 0.1046; -0.439523; 1.55283; -166.23; 29.6807; 109.306
15; 20; 19; -0.109048; -0.31839; 1.7625; 111.198; 44.6157; 11.8406
15; Median: 16; 0; 0; 0; 0; -0; 0
15; Mean: 15.55; 0.0127424; -0.120996; 0.629818; 25.2626; 10.337; 2.57219
15; Range: 11; 0.23518; 0.439523; 1.96171; 178.356; 327.385; 317.599
15; Stdev: 3.15397; 0.0557757; 0.16597; 0.799848; 50.5084; 72.0322; 66.3138
16; 1; 13; 0.0729305; -0.5169; 2.09611; 49.774; -164.25; 11.2076
16; 2; 11; 0; 0; 0; 0; -0; 0
16; 3; 16; 0.0692507; -0.564498; 2.20184; 46.9488; -162.067; 12.7755
16; 4; 14; 0.00491952; -0.611522; 2.45828; -122.912; 2.07933; 176.188
16; 5; 15; -0.142014; 0.00508681; 0.17455; 174.867; -132.432; 59.1214
16; 6; 10; -0.0049285; -0.460916; 1.91617; 60.8523; 171.607; 7.30639
16; 7; 12; 0; 0; 0; 0; -0; 0
16; 8; 14; 0; 0; 0; 0; -0; 0
16; 9; 17; -0.0831674; -0.438609; 1.90235; -120.126; 35.2512; 159.302
16; 10; 18; 0; 0; 0; 0; -0; 0
16; 11; 12; 0; 0; 0; 0; -0; 0
16; 12; 12; 0; 0; 0; 0; -0; 0
16; 13; 14; 0; 0; 0; 0; -0; 0
16; 14; 14; 0; 0; 0; 0; -0; 0
16; 15; 16; 0; 0; 0; 0; -0; 0
16; 16; 18; 0; 0; 0; 0; -0; 0
16; 17; 10; -0.116584; -0.277597; 1.37647; -128.049; 52.6972; 138.916
16; 18; 8; 0.0435097; -0.5683; 2.05319; 33.7088; -175.118; 13.2332
16; 19; 15; 0; 0; 0; 0; -0; 0
16; 20; 12; 0; 0; 0; 0; -0; 0
16; Median: 14; 0; 0; 0; 0; -0; 0
16; Mean: 13.55; -0.00780419; -0.171663; 0.708948; 28.9025; -18.6116; -0.246859
16; Range: 10; 0.214945; 0.616609; 2.45828; 176.188; 346.725; 302.916
16; Stdev: 2.65471; 0.0507517; 0.242416; 0.966027; 56.1349; 79.9978; 65.5868
17; 1; 15; -0.0499426; -0.466947; 2.08041; -86.7988; 33.8748; 177.247
17; 2; 10; 0; 0; 0; 0; -0; 0
17; 3; 14; -0.0190668; -0.661115; 2.26278; 41.6014; 164.358; 0.935392
17; 4; 10; 0; 0; 0; 0; -0; 0
17; 5; 10; 0; 0; 0; 0; -0; 0
17; 6; 17; 0; 0; 0; 0; -0; 0
17; 7; 10; -0.0515396; -0.224174; 0.293756; 135.553; -137.046; 149.287
17; 8; 11; 0; 0; 0; 0; -0; 0
17; 9; 13; 0.0959206; -0.53407; 1.92653; 40.2881; -165.539; 19.5465
17; 10; 13; 0; 0; 0; 0; -0; 0
17; 11; 14; 0; 0; 0; 0; -0; 0
17; 12; 13; 0.00966648; -0.229983; 1.47325; -177.856; 108.427; 25.9864
17; 13; 12; 0; 0; 0; 0; -0; 0
17; 14; 16; 0; 0; 0; 0; -0; 0
17; 15; 12; 0; 0; 0; 0; -0; 0
17; 16; 12; 0; 0; 0; 0; -0; 0
17; 17; 15; -0.0365233; -0.541778; 1.93833; -135.537; 23.0125; 160.846
17; 18; 18; 0.0250611; -0.596096; 1.68065; 15.2849; -13.56; 150.029
17; 19; 11; 0; 0; 0; 0; -0; 0
17; 20; 14; 0; 0; 0; 0; -0; 0
17; Median: 13; 0; 0; 0; 0; -0; 0
17; Mean: 13; -0.00132121; -0.162708; 0.582786; 34.1939; 0.676393; -8.37321
17; Range: 8; 0.14746; 0.661115; 2.26278; 177.247; 329.896; 313.409
17; Stdev: 2.32379; 0.028927; 0.241129; 0.871938; 63.1494; 65.8811; 62.4888
18; 1; 12; 0; 0; 0; 0; -0; 0
18; 2; 15; 0; 0; 0; 0; -0; 0
18; 3; 9; 0; 0; 0; 0; -0; 0
18; 4; 11; 0; 0; 0; 0; -0; 0
18; 5; 12; 0; 0; 0; 0; -0; 0
18; 6; 19; 0; 0; 0; 0; -0; 0
18; 7; 13; 0.178537; -0.471817; 1.74078; 70.5544; -132.658; 1.76971
18; 8; 14; -0.0802668; -0.279137; 1.2774; 94.2725; 122.515; 3.56109
18; 9; 14; 0; 0; 0; 0; -0; 0
18; 10; 8; 0; 0; 0; 0; -0; 0
18; 11; 18; 0.166296; -0.799976; 2.31799; -24.2847; 179.602; 33.0185
18; 12; 19; -0.0514343; -1.59105; 4.73079; 174.375; -163.344; 167.679
18; 13; 17; 0.011462; -0.16018; 1.12144; -74.04; 74.4208; 137.929
18; 14; 15; 0.139261; -0.626595; 1.66633; -44.8454; -127.318; 50.2238
18; 15; 12; 0; 0; 0; 0; -0; 0
18; 16; 18; 0; 0; 0; 0; -0; 0
18; 17; 13; 0; 0; 0; 0; -0; 0
18; 18; 15; 0; 0; 0; 0; -0; 0
18; 19; 19; 0.06217; -1.23662; 4.09698; -93.6342; 58.6217; 83.6875
18; 20; 12; 0; 0; 0; 0; -0; 0
18; Median: 14; 0; 0; 0; 0; -0; 0
18; Mean: 14.25; 0.0213013; -0.258269; 0.847585; 23.8934; 0.591928; 5.11987
18; Range: 11; 0.258804; 1.59105; 4.73079; 167.679; 342.946; 268.009
18; Stdev: 3.20741; 0.0643947; 0.451962; 1.39404; 48.1429; 76.395; 55.0444
19; 1; 15; 0.1279; -0.101824; 0.737125; -26.079; 49.4464; 144.727
19; 2; 8; 0; 0; 0; 0; -0; 0
19; 3; 11; 0; 0; 0; 0; -0; 0
19; 4; 12; 0; 0; 0; 0; -0; 0
19; 5; 21; 0.0862404; -0.317615; 1.53159; -15.0093; 69.3276; 179.364
19; 6; 16; 0; 0; 0; 0; -0; 0
19; 7; 19; -0.0362703; -0.385743; 1.57937; -98.2956; 50.5798; 162.93
19; 8; 12; 0; 0; 0; 0; -0; 0
19; 9; 13; 0; 0; 0; 0; -0; 0
19; 10; 8; 0; 0; 0; 0; -0; 0
19; 11; 14; 0.0776795; -0.63195; 1.54163; -12.2393; 154.707; 4.2324
19; 12; 12; 0; 0; 0; 0; -0; 0
19; 13; 11; 0; 0; 0; 0; -0; 0
19; 14; 12; 0; 0; 0; 0; -0; 0
19; 15; 16; 0; 0; 0; 0; -0; 0
19; 16; 9; 0.0987735; -0.657297; 2.56828; -61.4493; 16.301; 172.702
19; 17; 12; 0; 0; 0; 0; -0; 0
19; 18; 15; 0; 0; 0; 0; -0; 0
19; 19; 14; 0.121678; -0.642028; 1.61633; -13.2679; 157.259; 19.3731
19; 20; 14; 0; 0; 0; 0; -0; 0
19; Median: 13; 0; 0; 0; 0; -0; 0
19; Mean: 13.2; 0.0238; -0.136823; 0.478717; 34.1665; 24.881; -11.317
19; Range: 13; 0.16417; 0.657297; 2.56828; 179.364; 157.259; 98.2956
19; Stdev: 3.2187; 0.0471054; 0.237617; 0.786936; 65.7784; 48.1448; 24.6046
20; 1; 12; 0; 0; 0; 0; -0; 0
20; 2; 8; 0; 0; 0; 0; -0; 0
20; 3; 14; 0; 0; 0; 0; -0; 0
20; 4; 14; 0.174034; -0.71337; 2.18495; 45.9497; -157.303; 14.5037
20; 5; 6; 0; 0; 0; 0; -0; 0
20; 6; 11; 0; 0; 0; 0; -0; 0
20; 7; 12; 0; 0; 0; 0; -0; 0
20; 8; 9; 0; 0; 0; 0; -0; 0
20; 9; 8; 0; 0; 0; 0; -0; 0
20; 10; 9; 0; 0; 0; 0; -0; 0
20; 11; 12; 0; 0; 0; 0; -0; 0
20; 12; 12; 0; 0; 0; 0; -0; 0
20; 13; 10; 0; 0; 0; 0; -0; 0
20; 14; 6; 0; 0; 0; 0; -0; 0
20; 15; 12; 0; 0; 0; 0; -0; 0
20; 16; 9; 0; 0; 0; 0; -0; 0
20; 17; 14; 0; 0; 0; 0; -0; 0
20; 18; 10; 0; 0; 0; 0; -0; 0
20; 19; 11; 0; 0; 0; 0; -0; 0
20; 20; 10; 0; 0; 0; 0; -0; 0
20; Median: 11; 0; 0; 0; 0; -0; 0
20; Mean: 10.45; 0.00870169; -0.0356685; 0.109247; 0.725187; -7.86513; 2.29749
20; Range: 8; 0.174034; 0.71337; 2.18495; 14.5037; 157.303; 45.9497
20; Stdev: 2.33399; 0.0379298; 0.155475; 0.476199; 3.16102; 34.2833; 10.0145
21; 1; 4; 0; 0; 0; 0; -0; 0
21; 2; 6; 0; 0; 0; 0; -0; 0
21; 3; 7; 0; 0; 0; 0; -0; 0
21; 4; 5; 0; 0; 0; 0; -0; 0
21; 5; 3; 0; 0; 0; 0; -0; 0
21; 6; 5; 0; 0; 0; 0; -0; 0
21; 7; 6; 0; 0; 0; 0; -0; 0
21; 8; 9; 0; 0; 0; 0; -0; 0
21; 9; 5; 0; 0; 0; 0; -0; 0
21; 10; 5; 0; 0; 0; 0; -0; 0
21; 11; 4; 0; 0; 0; 0; -0; 0
21; 12; 1; 0; 0; 0; 0; -0; 0
21; 13; 7; 0; 0; 0; 0; -0; 0
21; 14; 7; 0; 0; 0; 0; -0; 0
21; 15; 7; 0; 0; 0; 0; -0; 0
21; 16; 5; 0; 0; 0; 0; -0; 0
21; 17; 6; 0; 0; 0; 0; -0; 0
21; 18; 3; 0; 0; 0; 0; -0; 0
21; 19; 7; 0; 0; 0; 0; -0; 0
21; 20; 3; 0; 0; 0; 0; -0; 0
21; Median: 5; 0; 0; 0; 0; -0; 0
21; Mean: 5.25; 0; 0; 0; 0; 0; 0
21; Range: 8; 0; 0; 0; 0; 0; 0
21; Stdev: 1.84052; 0; 0; 0; 0; 0; 0
22; 1; 6; 0; 0; 0; 0; -0; 0
22; 2; 9; 0; 0; 0; 0; -0; 0
22; 3; 6; 0; 0; 0; 0; -0; 0
22; 4; 12; 0; 0; 0; 0; -0; 0
22; 5; 10; 0; 0; 0; 0; -0; 0
22; 6; 7; 0; 0; 0; 0; -0; 0
22; 7; 9; 0; 0; 0; 0; -0; 0
22; 8; 11; 0; 0; 0; 0; -0; 0
22; 9; 10; 0; 0; 0; 0; -0; 0
22; 10; 6; 0; 0; 0; 0; -0; 0
22; 11; 10; 0; 0; 0; 0; -0; 0
22; 12; 9; 0; 0; 0; 0; -0; 0
22; 13; 8; 0; 0; 0; 0; -0; 0
22; 14; 6; 0; 0; 0; 0; -0; 0
22; 15; 12; 0; 0; 0; 0; -0; 0
22; 16; 12; 0; 0; 0; 0; -0; 0
22; 17; 8; 0; 0; 0; 0; -0; 0
22; 18; 8; 0; 0; 0; 0; -0; 0
22; 19; 7; 0; 0; 0; 0; -0; 0
22; 20; 10; 0; 0; 0; 0; -0; 0
22; Median: 9; 0; 0; 0; 0; -0; 0
22; Mean: 8.8; 0; 0; 0; 0; 0; 0
22; Range: 6; 0; 0; 0; 0; 0; 0
22; Stdev: 2.01494; 0; 0; 0; 0; 0; 0
23; 1; 16; 0; 0; 0; 0; -0; 0
23; 2; 18; 0; 0; 0; 0; -0; 0
23; 3; 14; 0; 0; 0; 0; -0; 0
23; 4; 18; 0; 0; 0; 0; -0; 0
23; 5; 14; 0; 0; 0; 0; -0; 0
23; 6; 13; 0; 0; 0; 0; -0; 0
23; 7; 9; 0; 0; 0; 0; -0; 0
23; 8; 19; 0; 0; 0; 0; -0; 0
23; 9; 14; 0.458151; 0.0789578; 0.287801; -131.929; 133.059; 63.0597
23; 10; 14; 0; 0; 0; 0; -0; 0
23; 11; 19; 0; 0; 0; 0; -0; 0
23; 12; 16; 0; 0; 0; 0; -0; 0
23; 13; 16; 0; 0; 0; 0; -0; 0
23; 14; 13; 0; 0; 0; 0; -0; 0
23; 15; 15; 0; 0; 0; 0; -0; 0
23; 16; 11; 0; 0; 0; 0; -0; 0
23; 17; 18; 0; 0; 0; 0; -0; 0
23; 18; 15; 0; 0; 0; 0; -0; 0
23; 19; 13; 0; 0; 0; 0; -0; 0
23; 20; 13; 0; 0; 0; 0; -0; 0
23; Median: 15; 0; 0; 0; 0; -0; 0
23; Mean: 14.9; 0.0229075; 0.00394789; 0.0143901; 3.15299; 6.65293; -6.59643
23; Range: 10; 0.458151; 0.0789578; 0.287801; 63.0597; 133.059; 131.929
23; Stdev: 2.5865; 0.0998516; 0.0172085; 0.0627249; 13.7435; 28.9995; 28.7532
24; 1; 18; 0; 0; 0; 0; -0; 0
24; 2; 16; 0; 0; 0; 0; -0; 0
24; 3; 19; 0; 0; 0; 0; -0; 0
24; 4; 11; 0; 0; 0; 0; -0; 0
24; 5; 10; 0; 0; 0; 0; -0; 0
24; 6; 17; 0; 0; 0; 0; -0; 0
24; 7; 14; 0; 0; 0; 0; -0; 0
24; 8; 15; 0; 0; 0; 0; -0; 0
24; 9; 18; 0; 0; 0; 0; -0; 0
24; 10; 13; 0; 0; 0; 0; -0; 0
24; 11; 17; 0; 0; 0; 0; -0; 0
24; 12; 13; 0; 0; 0; 0; -0; 0
24; 13; 15; -0.0641214; 0.285718; 0.307059; 93.2121; 57.7047; 15.3262
24; 14; 17; -0.0129471; -0.220207; 0.41338; 29.14; 116.859; 110.968
24; 15; 8; 0; 0; 0; 0; -0; 0
24; 16; 20; 0; 0; 0; 0; -0; 0
24; 17; 17; 0; 0; 0; 0; -0; 0
24; 18; 17; 0; 0; 0; 0; -0; 0
24; 19; 13; 0; 0; 0; 0; -0; 0
24; 20; 18; 0; 0; 0; 0; -0; 0
24; Median: 17; 0; 0; 0; 0; -0; 0
24; Mean: 15.3; -0.00385343; 0.00327552; 0.0360219; 6.31473; 8.72819; 6.11761
24; Range: 12; 0.0641214; 0.505925; 0.41338; 110.968; 116.859; 93.2121
24; Stdev: 3.08383; 0.0141107; 0.080595; 0.109365; 24.2398; 27.8049; 20.9632
25; 1; 13; 0; 0; 0; 0; -0; 0
25; 2; 21; 0; 0; 0; 0; -0; 0
25; 3; 15; 0; 0; 0; 0; -0; 0
25; 4; 18; 0; 0; 0; 0; -0; 0
25; 5; 16; 0; 0; 0; 0; -0; 0
25; 6; 14; 0; 0; 0; 0; -0; 0
25; 7; 12; 0; 0; 0; 0; -0; 0
25; 8; 18; 0; 0; 0; 0; -0; 0
25; 9; 21; 0; 0; 0; 0; -0; 0
25; 10; 16; 0; 0; 0; 0; -0; 0
25; 11; 15; 0; 0; 0; 0; -0; 0
25; 12; 17; 0; 0; 0; 0; -0; 0
25; 13; 21; 0; 0; 0; 0; -0; 0
25; 14; 19; 0; 0; 0; 0; -0; 0
25; 15; 14; 0; 0; 0; 0; -0; 0
25; 16; 15; 0; 0; 0; 0; -0; 0
25; 17; 17; 0; 0; 0; 0; -0; 0
25; 18; 18; 0; 0; 0; 0; -0; 0
25; 19; 22; 0; 0; 0; 0; -0; 0
25; 20; 16; 0; 0; 0; 0; -0; 0
25; Median: 17; 0; 0; 0; 0; -0; 0
25; Mean: 16.9; 0; 0; 0; 0; 0; 0
25; Range: 10; 0; 0; 0; 0; 0; 0
25; Stdev: 2.77308; 0; 0; 0; 0; 0; 0
26; 1; 12; 0.383989; -0.0341681; 0.125347; -145.342; -116.498; 151.872
26; 2; 20; 0; 0; 0; 0; -0; 0
26; 3; 22; 0.0299354; -0.348807; 0.488168; 162.25; -94.6367; 120.676
26; 4; 21; 0; 0; 0; 0; -0; 0
26; 5; 19; 0; 0; 0; 0; -0; 0
26; 6; 18; 0; 0; 0; 0; -0; 0
26; 7; 13; 0; 0; 0; 0; -0; 0
26; 8; 15; 0; 0; 0; 0; -0; 0
26; 9; 17; 0; 0; 0; 0; -0; 0
26; 10; 18; 0; 0; 0; 0; -0; 0
26; 11; 17; 0; 0; 0; 0; -0; 0
26; 12; 16; 0; 0; 0; 0; -0; 0
26; 13; 12; 0; 0; 0; 0; -0; 0
26; 14; 18; -0.176331; -0.155333; 0.319489; 148.016; -62.8262; 41.1976
26; 15; 15; 0; 0; 0; 0; -0; 0
26; 16; 16; 0; 0; 0; 0; -0; 0
26; 17; 15; 0; 0; 0; 0; -0; 0
26; 18; 18; 0; 0; 0; 0; -0; 0
26; 19; 17; 0; 0; 0; 0; -0; 0
26; 20; 17; 0; 0; 0; 0; -0; 0
26; Median: 17; 0; 0; 0; 0; -0; 0
26; Mean: 16.8; 0.0118796; -0.0269154; 0.0466502; 15.6873; -13.6981; 8.24621
26; Range: 10; 0.560321; 0.348807; 0.488168; 151.872; 116.498; 307.592
26; Stdev: 2.61916; 0.0939718; 0.0813859; 0.125014; 41.4748; 33.7064; 58.3087
27; 1; 19; 0; 0; 0; 0; -0; 0
27; 2; 18; 0; 0; 0; 0; -0; 0
27; 3; 19; 0; 0; 0; 0; -0; 0
27; 4; 19; 0; 0; 0; 0; -0; 0
27; 5; 12; 0; 0; 0; 0; -0; 0
27; 6; 20; 0; 0; 0; 0; -0; 0
27; 7; 23; 0; 0; 0; 0; -0; 0
27; 8; 21; 0; 0; 0; 0; -0; 0
27; 9; 24; 0; 0; 0; 0; -0; 0
27; 10; 24; 0; 0; 0; 0; -0; 0
27; 11; 19; 0; 0; 0; 0; -0; 0
27; 12; 21; 0; 0; 0; 0; -0; 0
27; 13; 21; 0; 0; 0; 0; -0; 0
27; 14; 23; 0; 0; 0; 0; -0; 0
27; 15; 21; 0; 0; 0; 0; -0; 0
27; 16; 22; 0; 0; 0; 0; -0; 0
27; 17; 21; 0; 0; 0; 0; -0; 0
27; 18; 22; 0; 0; 0; 0; -0; 0
27; 19; 18; 0; 0; 0; 0; -0; 0
27; 20; 21; 0; 0; 0; 0; -0; 0
27; Median: 21; 0; 0; 0; 0; -0; 0
27; Mean: 20.4; 0; 0; 0; 0; 0; 0
27; Range: 12; 0; 0; 0; 0; 0; 0
27; Stdev: 2.61534; 0; 0; 0; 0; 0; 0
28; 1; 22; -0.177204; -0.0771894; 0.38391; 45.7267; -117.003; 141.902
28; 2; 18; 0; 0; 0; 0; -0; 0
28; 3; 16; 0; 0; 0; 0; -0; 0
28; 4; 16; 0; 0; 0; 0; -0; 0
28; 5; 22; 0; 0; 0; 0; -0; 0
28; 6; 17; 0; 0; 0; 0; -0; 0
28; 7; 20; 0; 0; 0; 0; -0; 0
28; 8; 21; 0; 0; 0; 0; -0; 0
28; 9; 25; 0; 0; 0; 0; -0; 0
28; 10; 20; 0; 0; 0; 0; -0; 0
28; 11; 22; 0; 0; 0; 0; -0; 0
28; 12; 22; 0; 0; 0; 0; -0; 0
28; 13; 24; 0; 0; 0; 0; -0; 0
28; 14; 16; 0.254382; -0.171646; 0.475482; -28.4184; -109.947; 5.35099
28; 15; 19; 0; 0; 0; 0; -0; 0
28; 16; 17; 0; 0; 0; 0; -0; 0
28; 17; 18; 0; 0; 0; 0; -0; 0
28; 18; 14; 0; 0; 0; 0; -0; 0
28; 19; 18; 0; 0; 0; 0; -0; 0
28; 20; 14; 0; 0; 0; 0; -0; 0
28; Median: 19; 0; 0; 0; 0; -0; 0
28; Mean: 19.05; 0.00385888; -0.0124418; 0.0429696; 7.36267; -11.3475; 0.865413
28; Range: 11; 0.431586; 0.171646; 0.475482; 141.902; 117.003; 74.1451
28; Stdev: 3.0899; 0.0692147; 0.0402024; 0.129719; 30.8875; 34.0608; 12.0074
