Linear Detection Measurement - Goesser_25_65_
Pose p; Framenumber n; number of detected matches; targetpose px[m]; py[m]; pz[m]; rotx[°]; roty[°]; rotz[°]
Pose p; calculate Median
Pose p; calculate Mittelwert
Pose p; calculate Spannweite
Pose p; calculate Stdev
1; 1; 43; 0; 0; 0; 0; -0; 0
1; 2; 42; 0; 0; 0; 0; -0; 0
1; 3; 36; 0; 0; 0; 0; -0; 0
1; 4; 46; 0; 0; 0; 0; -0; 0
1; 5; 44; 0; 0; 0; 0; -0; 0
1; 6; 46; 0; 0; 0; 0; -0; 0
1; 7; 45; 0; 0; 0; 0; -0; 0
1; 8; 49; 0; 0; 0; 0; -0; 0
1; 9; 49; 0; 0; 0; 0; -0; 0
1; 10; 48; -0.117669; -0.151707; 0.501744; 145.123; 56.5911; 170.717
1; 11; 36; 0; 0; 0; 0; -0; 0
1; 12; 41; 0; 0; 0; 0; -0; 0
1; 13; 43; 0; 0; 0; 0; -0; 0
1; 14; 52; 0; 0; 0; 0; -0; 0
1; 15; 41; 0; 0; 0; 0; -0; 0
1; 16; 55; 0; 0; 0; 0; -0; 0
1; 17; 49; 0; 0; 0; 0; -0; 0
1; 18; 34; 0; 0; 0; 0; -0; 0
1; 19; 47; 0; 0; 0; 0; -0; 0
1; 20; 41; 0; 0; 0; 0; -0; 0
1; Median; 45; 0; 0; 0; 0; -0; 0
1; Mean; 44.35; -0.00588343; -0.00758534; 0.0250872; 8.53586; 2.82956; 7.25614
1; Range; 21; 0.117669; 0.151707; 0.501744; 170.717; 56.5911; 145.123
1; Stdev; 5.25619; 0.0256453; 0.0330637; 0.109353; 37.2069; 12.3337; 31.6288
2; 1; 54; 0; 0; 0; 0; -0; 0
2; 2; 45; 0; 0; 0; 0; -0; 0
2; 3; 49; 0; 0; 0; 0; -0; 0
2; 4; 52; 0; 0; 0; 0; -0; 0
2; 5; 38; 0; 0; 0; 0; -0; 0
2; 6; 43; -0.197236; -0.0320599; 0.22392; 146.869; -169.445; 126.216
2; 7; 33; 0; 0; 0; 0; -0; 0
2; 8; 43; 0; 0; 0; 0; -0; 0
2; 9; 45; 0; 0; 0; 0; -0; 0
2; 10; 41; 0; 0; 0; 0; -0; 0
2; 11; 48; 0; 0; 0; 0; -0; 0
2; 12; 47; 0; 0; 0; 0; -0; 0
2; 13; 50; 0; 0; 0; 0; -0; 0
2; 14; 50; 0; 0; 0; 0; -0; 0
2; 15; 52; 0; 0; 0; 0; -0; 0
2; 16; 42; 0; 0; 0; 0; -0; 0
2; 17; 36; 0; 0; 0; 0; -0; 0
2; 18; 36; 0; 0; 0; 0; -0; 0
2; 19; 36; 0; 0; 0; 0; -0; 0
2; 20; 43; 0; 0; 0; 0; -0; 0
2; Median; 45; 0; 0; 0; 0; -0; 0
2; Mean; 44.15; -0.00986178; -0.00160299; 0.011196; 6.31078; -8.47223; 7.34347
2; Range; 21; 0.197236; 0.0320599; 0.22392; 126.216; 169.445; 146.869
2; Stdev; 5.98561; 0.0429865; 0.00698728; 0.0488022; 27.5081; 36.9296; 32.0094
3; 1; 54; 0; 0; 0; 0; -0; 0
3; 2; 55; 0; 0; 0; 0; -0; 0
3; 3; 49; 0; 0; 0; 0; -0; 0
3; 4; 54; 0.112649; -0.172106; 1.01927; -0.656514; 128.57; 20.752
3; 5; 49; 0; 0; 0; 0; -0; 0
3; 6; 51; 0; 0; 0; 0; -0; 0
3; 7; 61; 0; 0; 0; 0; -0; 0
3; 8; 43; -0.248248; -0.0789841; 0.25985; 132.919; -131.15; 86.5172
3; 9; 52; 0; 0; 0; 0; -0; 0
3; 10; 60; 0; 0; 0; 0; -0; 0
3; 11; 58; 0; 0; 0; 0; -0; 0
3; 12; 53; 0; 0; 0; 0; -0; 0
3; 13; 50; 0; 0; 0; 0; -0; 0
3; 14; 52; 0; 0; 0; 0; -0; 0
3; 15; 46; 0; 0; 0; 0; -0; 0
3; 16; 41; 0; 0; 0; 0; -0; 0
3; 17; 46; 0; 0; 0; 0; -0; 0
3; 18; 47; 0; 0; 0; 0; -0; 0
3; 19; 51; 0; 0; 0; 0; -0; 0
3; 20; 48; 0; 0; 0; 0; -0; 0
3; Median; 51; 0; 0; 0; 0; -0; 0
3; Mean; 51; -0.00677997; -0.0125545; 0.0639559; 5.36346; -0.128973; 6.61313
3; Range; 20; 0.360897; 0.172106; 1.01927; 86.5172; 259.72; 133.576
3; Stdev; 5.0892; 0.0605795; 0.0404392; 0.226343; 19.1579; 41.0671; 28.9769
4; 1; 62; 0; 0; 0; 0; -0; 0
4; 2; 45; 0; 0; 0; 0; -0; 0
4; 3; 50; 0.0931586; 0.367032; 1.08771; 106.172; -159.5; 0.0610456
4; 4; 44; 0; 0; 0; 0; -0; 0
4; 5; 48; 0; 0; 0; 0; -0; 0
4; 6; 54; 0.112003; 0.161449; 0.915495; -143.215; 44.2895; 125.459
4; 7; 58; -0.204588; 0.161608; 0.350262; 64.885; -107.298; 92.4034
4; 8; 46; 0.11105; 0.207965; 0.972184; 44.8877; -148.091; 16.9351
4; 9; 59; 0; 0; 0; 0; -0; 0
4; 10; 57; 0; 0; 0; 0; -0; 0
4; 11; 55; 0.0522211; 0.26319; 1.00717; 62.6592; -162.728; 7.8475
4; 12; 58; -0.124474; 0.00354896; 0.721934; 147.557; -14.2652; 136.258
4; 13; 55; 0; 0; 0; 0; -0; 0
4; 14; 58; 0; 0; 0; 0; -0; 0
4; 15; 45; 0; 0; 0; 0; -0; 0
4; 16; 59; 0; 0; 0; 0; -0; 0
4; 17; 48; -0.133839; 0.108649; 0.356348; 89.1181; 119.474; 20.9838
4; 18; 59; 0.0928052; 0.332708; 0.775754; -67.6999; -38.5548; 169.488
4; 19; 50; 0.0345601; 0.347567; 0.810632; 108.795; -147.229; 5.22819
4; 20; 53; 0; 0; 0; 0; -0; 0
4; Median; 55; 0; 0; 0; 0; -0; 0
4; Mean; 53.15; 0.00164487; 0.0976858; 0.349874; 28.7332; -30.6951; 20.658
4; Range; 18; 0.31659; 0.367032; 1.08771; 169.488; 282.202; 290.772
4; Stdev; 5.54324; 0.0778775; 0.132642; 0.422037; 52.856; 72.8432; 63.0611
5; 1; 70; 0; 0; 0; 0; -0; 0
5; 2; 71; 0; 0; 0; 0; -0; 0
5; 3; 58; -0.167193; 0.0867687; 0.520929; 176.666; 26.5774; 89.593
5; 4; 72; 0.0965333; 0.25986; 0.673881; -63.8324; -49.2758; 172.508
5; 5; 70; 0; 0; 0; 0; -0; 0
5; 6; 78; 0.0246429; 0.292753; 0.570205; 170.713; 141.247; 23.9457
5; 7; 74; 0.0647362; 0.198159; 1.09819; 58.4767; -163.135; 6.8364
5; 8; 61; 0.11299; 0.20041; 0.969529; 65.8613; -145.552; 2.62423
5; 9; 60; 0; 0; 0; 0; -0; 0
5; 10; 64; 0; 0; 0; 0; -0; 0
5; 11; 67; 0; 0; 0; 0; -0; 0
5; 12; 65; 0.098056; 0.188055; 1.03034; 59.1618; -152.436; 2.55021
5; 13; 77; -0.141187; 0.0947665; 0.730901; 111.235; 43.6399; 45.9908
5; 14; 74; -0.0257217; 0.348913; 0.898098; 144.057; 167.485; 14.0512
5; 15; 75; 0; 0; 0; 0; -0; 0
5; 16; 70; -0.0330075; 0.337012; 0.860089; 141.087; 163.227; 14.4354
5; 17; 63; 0.00878327; 0.185765; 1.06824; 59.022; 179.499; 5.67807
5; 18; 51; 0; 0; 0; 0; -0; 0
5; 19; 72; 0.0355186; 0.178127; 1.09314; 54.102; -172.733; 7.85032
5; 20; 74; 0.0869264; 0.167257; 1.05833; 50.2154; -157.195; 9.5524
5; Median; 70; 0; 0.167257; 0.673881; 5.67807; -0; 54.102
5; Mean; 68.3; 0.00805387; 0.126892; 0.528594; 19.7808; -5.93255; 51.3382
5; Range; 27; 0.280183; 0.348913; 1.09819; 172.508; 352.231; 240.498
5; Stdev; 6.86367; 0.0684597; 0.120837; 0.458624; 40.8045; 108.808; 65.1677
6; 1; 69; 0.0509235; 0.137647; 1.12207; 57.0704; -160.75; 9.63061
6; 2; 80; 0.0297033; 0.136214; 1.15375; 55.1765; -168.129; 6.95056
6; 3; 69; 0.0624107; 0.148; 1.15302; 59.1895; -156.872; 5.69716
6; 4; 76; 0.0475887; 0.156667; 1.12742; 63.2203; -160.767; 5.76882
6; 5; 63; 0.0481635; 0.165161; 1.18369; 63.5934; -161.352; 6.50787
6; 6; 70; 0.0521514; 0.172506; 1.16692; 66.6596; -159.94; 3.94725
6; 7; 66; 0.051438; 0.182032; 1.20518; 67.7874; -160.427; 5.14165
6; 8; 66; -0.0486498; 0.297805; 1.01446; 133.142; 166.899; 11.3125
6; 9; 70; -0.122505; 0.164133; 1.11392; 69.1968; 148.448; 7.08081
6; 10; 72; 0.0388717; 0.135468; 1.17398; 55.1376; -165.766; 9.40384
6; 11; 86; -0.0614827; 0.233491; 1.30566; 86.5179; 162.105; 7.82146
6; 12; 79; 0.0545626; 0.0578824; 1.05927; -162.011; 45.754; 109.851
6; 13; 60; 0.0796189; 0.133803; 1.08446; 53.1952; -150.648; 10.4588
6; 14; 75; -0.073018; 0.210258; 0.740674; -108.965; 112.699; 169.357
6; 15; 76; 0.0526808; 0.0598722; 1.15223; 30.4467; -166.106; 18.4177
6; 16; 70; 0.0647819; 0.0372485; 1.02145; 25.5806; -164.419; 23.074
6; 17; 68; -0.0508651; 0.3044; 0.993183; 146.499; 170.94; 14.2966
6; 18; 66; -0.00850899; 0.136571; 1.16867; 57.4349; 179.253; 10.5796
6; 19; 69; 0.0645795; 0.141283; 1.17503; 55.1951; -157.269; 6.88804
6; 20; 74; -0.035111; 0.306368; 1.08088; -149.684; 121.336; 117.316
6; Median; 70; 0.0481635; 0.156667; 1.15223; 9.63061; -156.872; 57.4349
6; Mean; 71.2; 0.0148667; 0.16584; 1.1098; 27.9751; -41.2506; 36.2191
6; Range; 26; 0.202124; 0.269119; 0.564982; 165.409; 347.382; 308.509
6; Stdev; 6.03821; 0.0571176; 0.0735271; 0.110652; 45.1794; 149.073; 79.5088
7; 1; 76; 0.039541; 0.0983626; 1.21552; 60.3311; -163.411; 8.07823
7; 2; 68; -0.0658104; 0.226912; 1.00983; 134.545; 160.353; 15.8775
7; 3; 74; 0.0685252; 0.103312; 1.22928; 61.965; -155.139; 6.9378
7; 4; 68; 0.0599945; 0.0946127; 1.26235; 58.9754; -159.061; 6.6566
7; 5; 65; 0.0969296; 0.104474; 1.13898; 65.0935; -144.871; 3.39723
7; 6; 61; -0.0745217; 0.226151; 1.02213; 122.825; 146.86; 13.274
7; 7; 74; -0.0713618; 0.228268; 1.04664; 117.822; 147.919; 9.60165
7; 8; 57; 0.0967986; 0.167185; 1.29568; 81.3778; -142.21; 0.909478
7; 9; 63; 0.0652703; 0.117417; 1.24564; 63.7013; -154.346; 9.19047
7; 10; 57; 0.0599739; 0.0920062; 1.24487; 58.2364; -158.791; 7.16566
7; 11; 76; -0.00162572; 0.118798; 1.41791; -111.291; -1.23576; 177.561
7; 12; 68; 0.0591063; 0.0914263; 1.27262; 58.0348; -158.485; 7.97889
7; 13; 72; 0.0635629; 0.0901558; 1.21893; 56.0766; -156.901; 11.783
7; 14; 68; 0.0555703; 0.092299; 1.24901; 58.9221; -160.254; 6.26912
7; 15; 82; 0.0502247; 0.0887555; 1.24245; 57.8503; -161.138; 8.26219
7; 16; 69; 0.00486848; 0.0781589; 1.2858; 55.7571; -177.316; 9.04519
7; 17; 67; 0.0484973; 0.0772508; 1.28026; 52.8766; -163.144; 9.56546
7; 18; 72; 0.0448746; 0.0684558; 1.29494; 49.5055; -164.728; 10.6431
7; 19; 77; 0.0580733; 0.102092; 1.27047; 59.0074; -157.643; 10.5573
7; 20; 62; 0.0578749; 0.0924736; 1.25247; 58.9087; -159.759; 5.49306
7; Median; 68; 0.0578749; 0.0983626; 1.24901; 9.04519; -157.643; 58.9754
7; Mean; 68.8; 0.0358183; 0.117928; 1.22479; 16.9123; -104.165; 61.0261
7; Range; 25; 0.171451; 0.159812; 0.408079; 176.651; 337.669; 245.836
7; Stdev; 6.55439; 0.0500287; 0.0498742; 0.0971723; 36.9946; 113.01; 46.3021
8; 1; 81; 0.073804; 0.063379; 1.3113; 65.2436; -156.833; 4.57547
8; 2; 83; 0.0434104; 0.0364775; 1.36502; 58.2713; -168.584; 3.66015
8; 3; 77; 0.0583907; 0.0413177; 1.32105; 58.0418; -161.97; 7.62008
8; 4; 81; 0.073479; 0.0493179; 1.35009; 60.9867; -157.63; 6.40805
8; 5; 85; 0.0661837; 0.0506655; 1.32971; 60.8714; -157.98; 7.16855
8; 6; 90; 0.0753829; 0.049937; 1.35457; 61.43; -157.45; 5.51798
8; 7; 81; 0.0725993; 0.0431492; 1.34242; 58.9872; -158.576; 5.76147
8; 8; 76; 0.0618668; 0.0495601; 1.33567; 58.9024; -160.746; 8.32032
8; 9; 89; 0.0614133; 0.0310107; 1.35931; 53.766; -162.865; 8.57229
8; 10; 82; 0.0736608; 0.0495687; 1.30636; 59.933; -157.068; 5.6226
8; 11; 89; 0.0729622; 0.0400653; 1.31957; 57.7852; -158.44; 7.18239
8; 12; 71; 0.076636; 0.0454221; 1.33533; 59.4347; -157.277; 5.61616
8; 13; 79; 0.0718744; 0.0432237; 1.35103; 59.6621; -157.996; 6.27028
8; 14; 74; 0.0676744; 0.0249982; 1.33671; 53.1474; -160.898; 6.09533
8; 15; 87; 0.0694288; 0.0430959; 1.35998; 58.5926; -159.776; 7.44041
8; 16; 77; 0.073586; 0.0454805; 1.34706; 59.9227; -157.995; 5.98083
8; 17; 90; 0.0650967; 0.0470853; 1.32709; 59.5335; -159.705; 6.03294
8; 18; 90; 0.0675047; 0.055353; 1.32844; 62.6149; -158.753; 5.24313
8; 19; 83; 0.0753563; 0.0522017; 1.33697; 61.5195; -156.921; 6.4871
8; 20; 86; 0.069504; 0.0536716; 1.32666; 61.1445; -158.014; 5.98345
8; Median; 83; 0.0718744; 0.0470853; 1.33671; 6.09533; -158.014; 59.6621
8; Mean; 82.55; 0.0684907; 0.045749; 1.33722; 6.27795; -159.274; 59.4895
8; Range; 19; 0.0332256; 0.0383808; 0.0586544; 4.91214; 11.7508; 12.0962
8; Stdev; 5.56305; 0.00761741; 0.00836324; 0.0159851; 1.16323; 2.70596; 2.63572
9; 1; 88; 0.0583089; -0.00991988; 1.45277; 57.9893; -160.131; 5.98979
9; 2; 89; 0.0637474; -0.0260347; 1.43523; 50.9996; -159.122; 8.11513
9; 3; 87; 0.0594463; -0.00956259; 1.4376; 57.5857; -159.699; 6.32014
9; 4; 69; 0.0584598; -0.00167326; 1.43886; 59.1328; -159.667; 7.04242
9; 5; 90; 0.0593097; 6.33048e-05; 1.44336; 60.1012; -159.492; 7.37043
9; 6; 79; 0.0589672; -0.00911612; 1.45037; 56.082; -159.294; 7.93819
9; 7; 75; 0.0696945; 0.000972814; 1.4402; 60.364; -156.326; 5.72376
9; 8; 89; 0.057392; -0.00167148; 1.44429; 59.8527; -160.002; 7.08961
9; 9; 78; 0.0803837; -0.00242135; 1.4412; 58.7536; -153.677; 7.46117
9; 10; 78; -0.0500847; 0.122315; 1.3117; 105.592; 156.433; 1.57002
9; 11; 78; 0.0495371; -0.0084285; 1.48982; 59.6388; -162.963; 4.92952
9; 12; 87; 0.0588329; -0.00334722; 1.44653; 58.6796; -159.531; 7.6434
9; 13; 83; 0.0657057; -8.5943e-07; 1.44455; 60.2678; -156.543; 6.68835
9; 14; 71; 0.0334094; -0.0112072; 1.46223; 58.7511; -167.117; 5.71236
9; 15; 72; 0.0578087; -0.00228987; 1.45337; 59.9282; -160.106; 4.74371
9; 16; 83; 0.0553585; -0.0040087; 1.44819; 59.2118; -160.814; 7.44765
9; 17; 91; 0.053226; -0.00169326; 1.48019; 60.7262; -161.377; 5.96104
9; 18; 87; 0.0611462; -0.00105373; 1.43977; 59.7352; -158.161; 7.48338
9; 19; 80; 0.0532637; -0.0073446; 1.47256; 59.3701; -161.687; 5.22704
9; 20; 80; 0.0525255; -0.0154681; 1.45665; 56.6526; -162.58; 5.70931
9; Median; 83; 0.0584598; -0.00242135; 1.44653; 6.68835; -159.667; 59.3701
9; Mean; 81.7; 0.0528219; 0.000405508; 1.44447; 6.30832; -144.093; 60.9707
9; Range; 22; 0.130468; 0.14835; 0.178123; 6.54511; 323.55; 54.5927
9; Stdev; 6.55057; 0.0251503; 0.0286769; 0.0336382; 1.47277; 68.9969; 10.4519
10; 1; 67; 0.0704845; -0.0692298; 1.56031; 57.4697; -157.935; 7.56434
10; 2; 62; 0.06447; -0.060435; 1.54245; 60.7153; -159.644; 5.61853
10; 3; 70; 0.0619241; -0.06381; 1.56451; 59.6737; -159.308; 7.69569
10; 4; 61; 0.0656519; -0.0735019; 1.58527; 56.7299; -160.054; 7.64253
10; 5; 58; 0.0736425; -0.0705948; 1.50064; 55.2481; -157.423; 8.48286
10; 6; 69; 0.0714491; -0.0658586; 1.53071; 57.8634; -157.539; 7.61892
10; 7; 62; 0.0547551; -0.0699428; 1.55966; 57.1906; -163.343; 7.89518
10; 8; 61; 0.0648648; -0.0648553; 1.56686; 59.5732; -159.537; 7.18043
10; 9; 79; 0.0618734; -0.0640382; 1.57442; 60.2165; -160.497; 6.56441
10; 10; 58; 0.0640032; -0.0655516; 1.56716; 59.0319; -159.333; 7.52719
10; 11; 70; 0.0665287; -0.0758168; 1.56; 55.9013; -159.423; 7.3253
10; 12; 62; 0.0605434; -0.0700869; 1.56712; 55.9052; -162.326; 7.82367
10; 13; 68; 0.0628481; -0.0736512; 1.57133; 56.8036; -160.862; 6.52156
10; 14; 61; 0.0717002; -0.0635945; 1.53224; 58.5733; -157.114; 7.93834
10; 15; 60; 0.0650706; -0.0603967; 1.55223; 60.4789; -159.423; 6.69926
10; 16; 66; 0.0703544; -0.0547844; 1.54954; 61.4549; -158.142; 5.70599
10; 17; 67; 0.0642701; -0.0665135; 1.56855; 58.7146; -159.283; 7.41564
10; 18; 60; 0.0631511; -0.0637458; 1.55572; 59.6968; -160.608; 6.15608
10; 19; 70; 0.0578682; -0.0583973; 1.53805; 60.5299; -161.041; 6.74561
10; 20; 58; 0.0640517; -0.0622981; 1.56026; 60.3657; -159.683; 6.85543
10; Median; 62; 0.06447; -0.0648553; 1.56026; 7.41564; -159.423; 59.0319
10; Mean; 64.45; 0.0649753; -0.0658552; 1.55535; 7.14885; -159.626; 58.6068
10; Range; 21; 0.0188874; 0.0210324; 0.084636; 2.86432; 6.22864; 6.20676
10; Stdev; 5.34299; 0.00462802; 0.00527034; 0.0185956; 0.748107; 1.54143; 1.80864
11; 1; 46; 0.1213; -0.129352; 1.61656; 53.9393; -156.765; 9.66101
11; 2; 44; 0.0505107; -0.129551; 1.68267; 58.1514; -179.667; 2.91697
11; 3; 60; 0.106736; -0.0982415; 1.6006; 64.0346; -159.388; 4.7356
11; 4; 47; 0.0990057; -0.10226; 1.60562; 62.673; -162.289; 4.36682
11; 5; 42; 0.111494; -0.140833; 1.69479; 55.0174; -160.71; 7.27755
11; 6; 45; 0.115456; -0.115257; 1.68422; 61.3807; -158.062; 7.14408
11; 7; 54; 0.0941761; -0.105884; 1.59717; 62.1363; -162.893; 7.13012
11; 8; 46; 0.102168; -0.108727; 1.61851; 61.1953; -161.259; 7.32019
11; 9; 47; 0.11657; -0.110369; 1.68846; 64.2559; -158.131; 4.72071
11; 10; 43; 0.108559; -0.140455; 1.69679; 53.0382; -162.191; 8.01077
11; 11; 47; 0.113324; -0.122216; 1.67624; 58.6487; -157.448; 9.04101
11; 12; 42; 0.118239; -0.111264; 1.6882; 62.5288; -156.669; 7.71675
11; 13; 55; 0.110246; -0.137808; 1.6785; 54.3758; -160.148; 9.64528
11; 14; 55; 0.120383; -0.130361; 1.61976; 53.8785; -157.017; 9.53733
11; 15; 52; 0.10425; -0.111968; 1.62688; 60.2721; -160.556; 7.13584
11; 16; 49; 0.114256; -0.125337; 1.67551; 57.9406; -158.852; 8.13226
11; 17; 43; 0.08969; -0.12655; 1.67075; 58.6048; -166.758; 4.34633
11; 18; 41; 0.0780485; -0.0933553; 1.60229; 66.2483; -169.258; 3.29251
11; 19; 43; 0.107391; -0.11878; 1.67326; 58.5758; -159.862; 9.89805
11; 20; 56; 0.0998053; -0.108498; 1.63399; 61.6966; -162.267; 5.46151
11; Median; 47; 0.108559; -0.115257; 1.67326; 7.27755; -160.148; 60.2721
11; Mean; 47.85; 0.10408; -0.118353; 1.65154; 6.87454; -161.509; 59.4296
11; Range; 19; 0.070789; 0.0474776; 0.0996223; 6.98108; 22.9978; 13.2101
11; Stdev; 5.43392; 0.0162303; 0.0135866; 0.0358758; 2.15524; 5.21777; 3.76766
12; 1; 40; 0.0781539; -0.157869; 1.71724; 61.5783; -159.02; 6.03252
12; 2; 33; 0.0592162; -0.165922; 1.72425; 58.9503; -166.05; 7.80984
12; 3; 40; 0.0817971; -0.15994; 1.66571; 58.1377; -157.877; 8.15238
12; 4; 45; 0.0704383; -0.160445; 1.71631; 60.9002; -160.721; 6.82553
12; 5; 34; 0.0554671; -0.168824; 1.74746; 61.3757; -167.496; 2.48071
12; 6; 31; 0.0767566; -0.173674; 1.75952; 59.23; -157.695; 10.0199
12; 7; 43; 0.0753192; -0.159066; 1.7245; 59.0268; -159.839; 6.38211
12; 8; 46; 0.0769487; -0.162396; 1.70832; 59.3175; -159.502; 8.42795
12; 9; 49; 0.0579832; -0.154935; 1.70108; 62.1464; -164.818; 4.45803
12; 10; 35; 0.0715767; -0.162414; 1.7234; 60.2869; -160.978; 7.35799
12; 11; 36; 0.0739282; -0.173549; 1.7628; 58.1381; -160.667; 6.66516
12; 12; 37; 0.0760182; -0.165977; 1.73416; 58.8723; -159.706; 7.33449
12; 13; 39; 0.076454; -0.156007; 1.6979; 59.938; -158.558; 7.3997
12; 14; 40; 0.0769616; -0.174281; 1.67781; 51.6983; -159.216; 14.1995
12; 15; 42; 0.0726771; -0.176904; 1.77335; 58.4624; -161.034; 6.81446
12; 16; 40; 0.0791428; -0.161627; 1.72351; 58.6904; -158.916; 6.95141
12; 17; 37; 0.0869136; -0.170105; 1.72122; 57.8912; -156.163; 5.12412
12; 18; 36; 0.0623726; -0.204229; 1.88484; 54.0723; -163.787; 9.51997
12; 19; 44; 0.073374; -0.16235; 1.72313; 58.9193; -161.923; 6.84021
12; 20; 34; 0.0704663; -0.179225; 1.78492; 58.358; -161.409; 7.41126
12; Median; 40; 0.0753192; -0.162414; 1.72351; 7.33449; -159.839; 58.9503
12; Mean; 39.05; 0.0725983; -0.167487; 1.73357; 7.31036; -160.769; 58.7995
12; Range; 18; 0.0314465; 0.0492944; 0.219135; 11.7188; 11.333; 10.4481
12; Stdev; 4.64193; 0.00792406; 0.0109148; 0.0451125; 2.25716; 2.80117; 2.33264
13; 1; 39; -0.0510716; -0.0850773; 1.80228; 106.167; 171.405; 5.10616
13; 2; 27; 0.0377227; -0.193264; 1.79813; 58.6304; -159.564; 8.65082
13; 3; 36; -0.0697839; -0.0633834; 1.66472; 107.591; 153.314; 0.720594
13; 4; 40; 0.0463874; -0.209197; 1.76402; 52.8465; -158.678; 9.28167
13; 5; 35; 0.0418858; -0.199528; 1.79099; 56.2316; -159.182; 9.02915
13; 6; 44; 0.0403489; -0.203573; 1.81957; 56.5137; -161.174; 9.42402
13; 7; 45; 0.0334318; -0.18436; 1.77022; 59.9456; -161.357; 7.04487
13; 8; 53; -0.0338707; -0.0662561; 1.75622; 112.543; 179.807; 3.24135
13; 9; 40; 0.0360023; -0.19195; 1.80029; 59.4406; -161.505; 7.31351
13; 10; 39; 0.0427636; -0.212123; 1.75237; 50.9973; -159.645; 10.7946
13; 11; 39; 0.0419746; -0.208161; 1.77209; 51.8021; -160.848; 9.24862
13; 12; 40; 0.0356528; -0.197052; 1.78403; 56.7866; -159.997; 11.11
13; 13; 46; 0.0437984; -0.210721; 1.80453; 53.9905; -159.348; 8.4227
13; 14; 36; 0.0371832; -0.188454; 1.76596; 58.2959; -158.267; 11.5145
13; 15; 34; 0.04371; -0.190156; 1.83055; 61.2035; -158.613; 6.65068
13; 16; 41; 0.0308143; -0.195069; 1.78233; 57.5306; -161.353; 10.8703
13; 17; 31; 0.0394368; -0.189417; 1.80618; 61.12; -160.832; 5.62682
13; 18; 42; -0.0718018; -0.0782743; 1.69619; 103.683; 157.191; 3.74581
13; 19; 43; 0.0420515; -0.232896; 1.73191; 44.6539; -161.002; 14.3925
13; 20; 33; 0.0332898; -0.21904; 1.78423; 49.2479; -162.966; 16.0717
13; Median; 40; 0.0377227; -0.193264; 1.78403; 9.02915; -159.564; 58.2959
13; Mean; 39.15; 0.0199963; -0.175898; 1.77384; 8.41302; -95.1307; 65.961
13; Range; 26; 0.118189; 0.169513; 0.165833; 15.3511; 342.773; 67.8891
13; Stdev; 5.65928; 0.0391212; 0.0527059; 0.0391243; 3.59521; 130.373; 21.2035
14; 1; 32; 0.0554044; -0.245609; 1.88174; 60.6531; -159.274; 8.09981
14; 2; 27; 0.0520545; -0.237431; 1.85286; 63.8888; -161.713; 6.10163
14; 3; 29; 0.059755; -0.259733; 1.91848; 56.1352; -160.152; 9.29805
14; 4; 34; 0.0768153; -0.250563; 1.86633; 60.2477; -154.719; 4.45273
14; 5; 33; 0.0772188; -0.268459; 1.70088; 43.4967; -158.059; 10.184
14; 6; 29; 0.0584246; -0.274752; 1.91375; 53.1264; -161.707; 9.13019
14; 7; 33; 0.0538483; -0.249083; 1.8699; 59.1293; -161.431; 9.08812
14; 8; 29; 0.0341672; -0.267996; 1.91636; 56.1018; -168.097; 6.3191
14; 9; 32; 0.0671644; -0.264153; 1.86491; 54.7176; -157.78; 7.81308
14; 10; 31; 0.09068; -0.224693; 1.64116; 47.379; -151.298; 17.6162
14; 11; 29; -0.0682321; -0.130801; 1.7412; 102.287; 147.926; 1.70155
14; 12; 32; 0.0298601; -0.275731; 2.02279; 59.6945; -170.019; 6.52843
14; 13; 34; 0.0429752; -0.273671; 1.98269; 58.4254; -162.076; 10.619
14; 14; 24; 0.053876; -0.242814; 1.87135; 60.9613; -162.572; 6.74277
14; 15; 36; 0.048885; -0.212734; 1.83402; 67.7608; -161.34; 4.47267
14; 16; 30; 0.0411001; -0.214529; 1.96927; 78.3913; -160.111; 4.04778
14; 17; 32; -0.0260741; -0.106856; 1.67303; -71.6392; 19.9228; 178.686
14; 18; 30; 0.0568812; -0.243869; 1.86539; 59.8847; -159.793; 7.128
14; 19; 35; -0.0917146; -0.147938; 1.93281; 108.78; 142.664; 3.97334
14; 20; 27; 0.0544612; -0.236356; 1.89965; 65.2159; -159.412; 5.94989
14; Median; 32; 0.053876; -0.243869; 1.87135; 7.128; -159.793; 59.8847
14; Mean; 30.9; 0.0383775; -0.231389; 1.86093; 15.8976; -120.952; 57.2318
14; Range; 12; 0.182395; 0.168875; 0.381633; 176.985; 317.945; 180.419
14; Stdev; 2.91376; 0.0456287; 0.0472882; 0.098396; 37.4875; 97.1085; 33.4109
15; 1; 29; 0.0457526; -0.270812; 1.95795; 65.2715; -159.043; 4.34189
15; 2; 31; 0.0453298; -0.308086; 1.96758; 52.3324; -161.258; 9.83936
15; 3; 32; 0.0455364; -0.250668; 2.03459; 80.3431; -149.126; 6.00506
15; 4; 26; 0.049059; -0.261833; 1.99424; 76.0807; -155.135; 1.44736
15; 5; 36; 0.0486769; -0.298632; 1.99261; 56.4677; -158.366; 9.99612
15; 6; 39; 0.0531243; -0.30703; 1.93942; 50.3766; -159.397; 10.8092
15; 7; 31; 0.0656036; -0.243896; 1.95996; 75.2334; -142.174; 8.15744
15; 8; 28; 0.0422439; -0.284543; 1.95669; 59.7946; -159.567; 9.0797
15; 9; 31; 0.0678923; -0.279881; 1.81963; 50.3699; -153.93; 13.9611
15; 10; 23; 0.0422816; -0.236067; 1.89285; 83.41; -153.75; 1.58753
15; 11; 24; 0.0958271; -0.25936; 1.87844; -103.62; -39.7108; 176.111
15; 12; 27; 0.109837; -0.247702; 1.24999; 38.2327; -74.3564; 17.8825
15; 13; 34; 0.0656862; -0.284444; 1.88516; 52.8457; -153.295; 13.1001
15; 14; 28; 0.0393091; -0.273812; 1.94616; 62.9855; -161.842; 6.65377
15; 15; 29; 0.0358145; -0.307778; 1.94577; 51.8971; -165.185; 9.60714
15; 16; 28; 0.0528045; -0.266136; 1.98999; 72.0686; -153.88; 3.90478
15; 17; 29; 0; 0; 0; 0; -0; 0
15; 18; 26; 0.0527836; -0.247009; 1.95782; -92.0217; -21.3612; 172.81
15; 19; 31; -0.0685113; -0.209934; 1.8657; 115.762; 72.7374; 29.1476
15; 20; 35; 0.0543043; -0.297892; 1.93201; 53.3094; -157.481; 10.8041
15; Median; 29; 0.049059; -0.266136; 1.94616; 9.83936; -153.88; 56.4677
15; Mean; 29.85; 0.0471678; -0.256776; 1.80833; 25.7623; -120.306; 45.0569
15; Range; 16; 0.178348; 0.308086; 2.03459; 176.111; 237.923; 219.382
15; Stdev; 3.91504; 0.0342172; 0.0643495; 0.443923; 49.9654; 67.0596; 52.2746
16; 1; 23; -0.0886738; -0.175483; 1.80924; 110.208; 156.223; 4.57685
16; 2; 21; -0.0152498; -0.297422; 2.24499; 82.5615; -153.399; 14.3459
16; 3; 30; 0.00892009; -0.323516; 2.037; 61.6886; -160.579; 7.06845
16; 4; 30; -0.113671; -0.345494; 2.35571; -99.924; 19.9887; 175.853
16; 5; 25; 0; 0; 0; 0; -0; 0
16; 6; 26; 0.00164359; -0.271712; 1.99499; 77.3157; -157.964; 10.9902
16; 7; 20; 0.0148384; -0.339291; 2.00109; 54.0293; -161.209; 9.74078
16; 8; 26; -0.0821197; -0.340972; 2.06493; 60.6348; 168.572; 2.56071
16; 9; 19; 0; 0; 0; 0; -0; 0
16; 10; 31; 0.0193211; -0.359146; 1.98263; 46.1768; -161.196; 10.8305
16; 11; 29; 0.016497; -0.266582; 1.97401; 79.9111; -152.448; 5.97027
16; 12; 28; -0.0930085; -0.193103; 1.84132; 104.224; 153.114; 0.452106
16; 13; 20; -0.136758; -0.356207; 1.82844; -137.849; 23.4464; 178.703
16; 14; 23; 0.112864; -0.247595; 1.07426; 17.8145; -140.187; 20.2705
16; 15; 26; 0.00853586; -0.3798; 2.09209; 49.4138; -161.503; 4.78853
16; 16; 27; 0.00879841; -0.327741; 2.02143; 58.8416; -159.979; 9.75374
16; 17; 21; -0.101538; -0.179447; 1.81849; 109.177; 149.106; 2.84544
16; 18; 25; 0.00390275; -0.33335; 1.96954; 54.5096; -163.837; 9.08959
16; 19; 24; 0.00422168; -0.336516; 2.01575; 56.4231; -163.708; 8.39053
16; 20; 20; 0.00140023; -0.390033; 2.24884; 52.7253; -162.756; 9.70708
16; Median; 25; 0.00164359; -0.323516; 1.99499; 9.08959; -152.448; 56.4231
16; Mean; 24.7; -0.0215038; -0.27317; 1.76874; 24.2969; -61.4158; 41.8941
16; Range; 12; 0.249622; 0.390033; 2.35571; 178.703; 332.409; 248.058
16; Stdev; 3.66197; 0.0591806; 0.109984; 0.639393; 51.2293; 127.466; 61.5154
17; 1; 21; 0.0268207; -0.385209; 2.12645; 60.2181; -163.265; 7.78275
17; 2; 19; 0.0230302; -0.510144; 2.33024; 36.9205; -166.002; 4.70461
17; 3; 22; 0.00776864; -0.380356; 2.03799; 56.6002; -169.574; 6.27767
17; 4; 15; -0.0918458; -0.210144; 1.82159; -70.9125; 44.5617; 177.752
17; 5; 25; 0.0116144; -0.384133; 2.03434; 57.6951; -168.235; 12.4615
17; 6; 16; 0.0360772; -0.38714; 2.13559; 59.9811; -159.081; 8.4034
17; 7; 25; 0.050522; -0.375379; 2.0306; 52.098; -154.699; 15.4241
17; 8; 25; -0.0503329; -0.309209; 2.30522; 117.149; 178.223; 6.04979
17; 9; 21; 0.0365454; -0.392802; 2.09394; 55.0905; -161.974; 8.61486
17; 10; 16; -0.0921626; -0.275767; 2.04665; 101.36; 152.69; 3.88126
17; 11; 19; 0.0893713; -0.258163; 0.869937; 34.7229; -70.9708; 7.5246
17; 12; 19; 0.0593404; -0.388028; 2.0305; 50.6637; -154.587; 10.7031
17; 13; 22; -0.107713; -0.270292; 2.09018; 110.734; 141.271; 4.7956
17; 14; 17; 0.0472488; -0.398924; 2.08064; 49.8357; -157.426; 12.6187
17; 15; 22; 0.0140836; -0.348197; 2.02127; 63.309; -165.584; 4.82282
17; 16; 17; 0; 0; 0; 0; -0; 0
17; 17; 25; 0; 0; 0; 0; -0; 0
17; 18; 17; 0.0525332; -0.312889; 2.07624; -80.8044; -33.2874; 173.606
17; 19; 19; 0; 0; 0; 0; -0; 0
17; 20; 23; 0.0451122; -0.378082; 2.03561; 51.2052; -156.076; 18.1156
17; Median; 21; 0.0230302; -0.348197; 2.03799; 7.78275; -154.587; 52.098
17; Mean; 20.25; 0.00790068; -0.298243; 1.70835; 24.1769; -68.2006; 40.2933
17; Range; 10; 0.197084; 0.510144; 2.33024; 177.752; 347.796; 197.954
17; Stdev; 3.23844; 0.0525288; 0.140407; 0.770776; 50.7252; 117.758; 49.5486
18; 1; 21; 0.0417279; -0.449348; 2.34239; 66.3584; -153.668; 8.33926
18; 2; 20; 0; 0; 0; 0; -0; 0
18; 3; 19; 0; 0; 0; 0; -0; 0
18; 4; 17; 0.0491057; -0.441521; 2.164; 50.0998; -158.275; 12.8333
18; 5; 25; 0.0563763; -0.391221; 2.29225; 75.2631; -144.379; 14.3805
18; 6; 27; 0.0203165; -0.485837; 2.41664; 58.0259; -164.684; 8.07506
18; 7; 16; 0; 0; 0; 0; -0; 0
18; 8; 12; -0.124006; -0.111682; 1.20573; -5.66659; -98.8721; 178.102
18; 9; 25; 0.0537117; -0.378498; 2.11552; 65.3551; -150.845; 16.8211
18; 10; 23; -0.0537194; -0.538198; 2.70452; 63.0942; 171.433; 0.874092
18; 11; 20; -0.076094; -0.36023; 2.29055; 96.8183; 156.659; 1.40543
18; 12; 18; 0; 0; 0; 0; -0; 0
18; 13; 18; 0.0228156; -0.296798; 2.16827; -54.4489; -14.6671; 169.927
18; 14; 24; 0.0221269; -0.388279; 2.17515; 71.4678; -161.663; 7.52279
18; 15; 16; 0.00322936; -0.510208; 2.43557; 52.4298; -170.766; 7.82897
18; 16; 22; 0.0486467; -0.418081; 2.20042; 61.6941; -157.557; 9.03583
18; 17; 21; 0; 0; 0; 0; -0; 0
18; 18; 23; -0.0752969; -0.240901; 1.83045; -83.1092; 42.1177; 171.356
18; 19; 14; 0; 0; 0; 0; -0; 0
18; 20; 26; 0.0707898; -0.64316; 2.79175; -26.9812; -152.645; 62.5092
18; Median; 21; 0.00322936; -0.36023; 2.16827; 8.07506; -14.6671; 50.0998
18; Mean; 20.35; 0.00298651; -0.282698; 1.55666; 33.4505; -57.8906; 24.52
18; Range; 15; 0.194796; 0.64316; 2.79175; 178.102; 342.198; 179.928
18; Stdev; 4.01591; 0.0492807; 0.213117; 1.06399; 60.1991; 105.232; 46.8193
19; 1; 20; 0; 0; 0; 0; -0; 0
19; 2; 21; -0.287217; -0.394695; 2.14031; 159.239; 38.0398; 40.7133
19; 3; 21; 0.0152651; -0.515751; 2.26653; 43.5482; -165.929; 13.4359
19; 4; 20; 0.0770001; -0.343814; 1.84315; 63.6755; -138.689; 16.5393
19; 5; 24; -0.0198887; -0.436321; 2.44766; 26.2148; -99.885; 86.3853
19; 6; 19; 0; 0; 0; 0; -0; 0
19; 7; 19; 0; 0; 0; 0; -0; 0
19; 8; 20; 0; 0; 0; 0; -0; 0
19; 9; 13; -0.00104853; -0.541958; 2.35442; 43.0533; -170.273; 10.2616
19; 10; 26; 0.0399652; -0.453859; 2.13938; 47.8352; -157.342; 18.0488
19; 11; 15; -0.0740283; -0.246742; 1.80203; 111.743; 147.382; 2.27027
19; 12; 12; 0; 0; 0; 0; -0; 0
19; 13; 19; 0; 0; 0; 0; -0; 0
19; 14; 21; 0.00289546; -0.503331; 2.4058; 56.3929; -166.473; 11.6286
19; 15; 21; -0.0880946; -0.377091; 2.24084; -82.8533; 26.3794; 178.053
19; 16; 13; 0.00770516; -0.545036; 2.34598; 42.1364; -168.191; 11.4876
19; 17; 24; 0; 0; 0; 0; -0; 0
19; 18; 17; 0; 0; 0; 0; -0; 0
19; 19; 25; 0; 0; 0; 0; -0; 0
19; 20; 24; 0; 0; 0; 0; -0; 0
19; Median; 20; 0; 0; 1.80203; 2.27027; -0; 0
19; Mean; 19.7; -0.0163723; -0.21793; 1.0993; 19.4412; -42.749; 25.5493
19; Range; 14; 0.364217; 0.545036; 2.44766; 178.053; 317.655; 242.093
19; Stdev; 3.93827; 0.0702129; 0.227342; 1.10944; 41.4857; 87.6954; 48.6768
20; 1; 17; 0; 0; 0; 0; -0; 0
20; 2; 28; 0.107881; -0.454804; 1.94912; 38.0659; -149.644; 19.7944
20; 3; 28; 0; 0; 0; 0; -0; 0
20; 4; 21; 0; 0; 0; 0; -0; 0
20; 5; 23; 0.0664361; -0.559248; 2.37047; 45.6015; -159.721; 16.6359
20; 6; 29; 0; 0; 0; 0; -0; 0
20; 7; 17; 0; 0; 0; 0; -0; 0
20; 8; 26; 0; 0; 0; 0; -0; 0
20; 9; 23; 0; 0; 0; 0; -0; 0
20; 10; 22; 0; 0; 0; 0; -0; 0
20; 11; 28; 0; 0; 0; 0; -0; 0
20; 12; 18; 0; 0; 0; 0; -0; 0
20; 13; 20; 0.132038; -0.362649; 1.41621; 19.6947; -144.375; 30.1112
20; 14; 22; 0; 0; 0; 0; -0; 0
20; 15; 29; 0.0453584; -0.59349; 2.48895; 49.1758; -166.141; 5.73245
20; 16; 26; 0; 0; 0; 0; -0; 0
20; 17; 20; 0.214164; -0.00547617; 0.298858; -41.4234; 73.3337; 118.776
20; 18; 22; -0.0157252; -0.691352; 2.7585; -141.125; 5.5704; 178.423
20; 19; 19; -0.0441003; -0.317847; 1.96306; 112.645; 147.201; 0.429923
20; 20; 21; 0.0665895; -0.54223; 2.38726; 52.1852; -155.374; 13.9164
20; Median; 22; 0; 0; 0; 0; -0; 0
20; Mean; 22.95; 0.0286321; -0.176355; 0.781621; 19.191; -27.4575; 6.74099
20; Range; 12; 0.258264; 0.691352; 2.7585; 178.423; 313.341; 253.769
20; Stdev; 3.91759; 0.0598498; 0.250436; 1.06422; 44.9326; 81.3912; 46.0815
21; 1; 16; 0; 0; 0; 0; -0; 0
21; 2; 22; -0.0845912; -0.350508; 1.96631; 101.037; 136.399; 0.706852
21; 3; 11; -0.057132; -0.431721; 2.25508; -82.7882; 29.2138; 176.494
21; 4; 17; 0; 0; 0; 0; -0; 0
21; 5; 20; -0.137123; -0.637596; 2.83711; -100.458; 47.777; 179.489
21; 6; 14; 0; 0; 0; 0; -0; 0
21; 7; 15; 0; 0; 0; 0; -0; 0
21; 8; 18; 0; 0; 0; 0; -0; 0
21; 9; 22; 0.0624495; -0.603439; 2.46543; 46.9267; -161.368; 14.0897
21; 10; 19; 0; 0; 0; 0; -0; 0
21; 11; 20; 0.0767667; -0.58738; 2.40896; 47.8002; -155.788; 14.4457
21; 12; 14; 0.13411; -0.596751; 2.40939; -1.48609; -153.312; 68.7004
21; 13; 17; 0.105571; -0.490899; 2.02373; 38.3276; -149.717; 22.9714
21; 14; 22; 0.127414; -0.134378; 0.25011; -13.2445; 121.218; 53.0797
21; 15; 20; 0.0165866; -0.586408; 2.34723; -130.095; -3.91519; 178.667
21; 16; 13; 0.0835469; -0.590552; 2.56303; 60.7288; -147.196; 12.5914
21; 17; 18; -0.0720183; -0.506401; 2.42546; -98.8784; 32.1865; 170.431
21; 18; 21; 0; 0; 0; 0; -0; 0
21; 19; 21; 0; 0; 0; 0; -0; 0
21; 20; 18; 0; 0; 0; 0; -0; 0
21; Median; 18; 0; -0.134378; 1.96631; 12.5914; -0; 0
21; Mean; 17.9; 0.012779; -0.275802; 1.19759; 44.5833; -20.2251; -6.60648
21; Range; 11; 0.271233; 0.637596; 2.83711; 179.489; 297.767; 231.132
21; Stdev; 3.1607; 0.0683946; 0.270907; 1.1858; 68.2689; 85.7906; 56.0377
22; 1; 17; 0; 0; 0; 0; -0; 0
22; 2; 17; 0; 0; 0; 0; -0; 0
22; 3; 16; 0; 0; 0; 0; -0; 0
22; 4; 16; 0.0939091; -0.644008; 2.55938; 58.2699; -164.331; 7.94242
22; 5; 17; 0; 0; 0; 0; -0; 0
22; 6; 22; 0; 0; 0; 0; -0; 0
22; 7; 20; 0.0136297; -0.288404; 0.194334; -78.7813; 109.674; 20.7327
22; 8; 15; 0; 0; 0; 0; -0; 0
22; 9; 18; 0; 0; 0; 0; -0; 0
22; 10; 20; 0.1403; -0.1662; 0.405711; -95.6392; -121.18; 69.9237
22; 11; 21; 0; 0; 0; 0; -0; 0
22; 12; 15; 0; 0; 0; 0; -0; 0
22; 13; 16; 0.237996; -0.477599; 1.96741; -86.0792; -145.06; 81.8589
22; 14; 19; 0; 0; 0; 0; -0; 0
22; 15; 17; 0; 0; 0; 0; -0; 0
22; 16; 17; 0; 0; 0; 0; -0; 0
22; 17; 19; 0; 0; 0; 0; -0; 0
22; 18; 17; 0; 0; 0; 0; -0; 0
22; 19; 23; 0; 0; 0; 0; -0; 0
22; 20; 9; 0; 0; 0; 0; -0; 0
22; Median; 17; 0; 0; 0; 0; -0; 0
22; Mean; 17.55; 0.0242917; -0.0788106; 0.256342; 9.02289; -16.0449; -10.1115
22; Range; 14; 0.237996; 0.644008; 2.55938; 81.8589; 274.005; 153.909
22; Stdev; 2.94066; 0.0606338; 0.177401; 0.682249; 22.8636; 58.9963; 34.7228
23; 1; 22; 0; 0; 0; 0; -0; 0
23; 2; 18; 0; 0; 0; 0; -0; 0
23; 3; 18; 0; 0; 0; 0; -0; 0
23; 4; 23; 0; 0; 0; 0; -0; 0
23; 5; 20; 0; 0; 0; 0; -0; 0
23; 6; 24; 0; 0; 0; 0; -0; 0
23; 7; 27; 0; 0; 0; 0; -0; 0
23; 8; 13; 0; 0; 0; 0; -0; 0
23; 9; 19; 0; 0; 0; 0; -0; 0
23; 10; 22; 0; 0; 0; 0; -0; 0
23; 11; 16; 0; 0; 0; 0; -0; 0
23; 12; 20; 0; 0; 0; 0; -0; 0
23; 13; 23; 0; 0; 0; 0; -0; 0
23; 14; 26; 0; 0; 0; 0; -0; 0
23; 15; 24; 0; 0; 0; 0; -0; 0
23; 16; 26; 0; 0; 0; 0; -0; 0
23; 17; 23; 0; 0; 0; 0; -0; 0
23; 18; 20; 0; 0; 0; 0; -0; 0
23; 19; 27; 0; 0; 0; 0; -0; 0
23; 20; 18; 0; 0; 0; 0; -0; 0
23; Median; 22; 0; 0; 0; 0; -0; 0
23; Mean; 21.45; 0; 0; 0; 0; 0; 0
23; Range; 14; 0; 0; 0; 0; 0; 0
23; Stdev; 3.69425; 0; 0; 0; 0; 0; 0
24; 1; 22; 0; 0; 0; 0; -0; 0
24; 2; 22; 0; 0; 0; 0; -0; 0
24; 3; 26; 0; 0; 0; 0; -0; 0
24; 4; 22; 0; 0; 0; 0; -0; 0
24; 5; 19; 0; 0; 0; 0; -0; 0
24; 6; 21; 0; 0; 0; 0; -0; 0
24; 7; 21; 0; 0; 0; 0; -0; 0
24; 8; 25; 0; 0; 0; 0; -0; 0
24; 9; 33; 0; 0; 0; 0; -0; 0
24; 10; 25; 0; 0; 0; 0; -0; 0
24; 11; 28; 0; 0; 0; 0; -0; 0
24; 12; 35; 0; 0; 0; 0; -0; 0
24; 13; 32; 0; 0; 0; 0; -0; 0
24; 14; 28; 0; 0; 0; 0; -0; 0
24; 15; 27; 0; 0; 0; 0; -0; 0
24; 16; 32; 0; 0; 0; 0; -0; 0
24; 17; 24; 0; 0; 0; 0; -0; 0
24; 18; 21; 0; 0; 0; 0; -0; 0
24; 19; 24; 0; 0; 0; 0; -0; 0
24; 20; 21; 0; 0; 0; 0; -0; 0
24; Median; 25; 0; 0; 0; 0; -0; 0
24; Mean; 25.4; 0; 0; 0; 0; 0; 0
24; Range; 16; 0; 0; 0; 0; 0; 0
24; Stdev; 4.53211; 0; 0; 0; 0; 0; 0
25; 1; 24; 0; 0; 0; 0; -0; 0
25; 2; 17; 0; 0; 0; 0; -0; 0
25; 3; 24; -0.0159655; -0.287278; 0.248409; -101.429; -154.518; 19.0002
25; 4; 31; 0; 0; 0; 0; -0; 0
25; 5; 31; 0; 0; 0; 0; -0; 0
25; 6; 24; 0; 0; 0; 0; -0; 0
25; 7; 22; 0; 0; 0; 0; -0; 0
25; 8; 24; 0; 0; 0; 0; -0; 0
25; 9; 29; 0; 0; 0; 0; -0; 0
25; 10; 26; 0; 0; 0; 0; -0; 0
25; 11; 28; 0; 0; 0; 0; -0; 0
25; 12; 20; 0; 0; 0; 0; -0; 0
25; 13; 29; 0; 0; 0; 0; -0; 0
25; 14; 24; 0; 0; 0; 0; -0; 0
25; 15; 23; 0; 0; 0; 0; -0; 0
25; 16; 25; 0; 0; 0; 0; -0; 0
25; 17; 22; 0; 0; 0; 0; -0; 0
25; 18; 22; 0; 0; 0; 0; -0; 0
25; 19; 26; 0; 0; 0; 0; -0; 0
25; 20; 21; 0; 0; 0; 0; -0; 0
25; Median; 24; 0; 0; 0; 0; -0; 0
25; Mean; 24.6; -0.000798274; -0.0143639; 0.0124205; 0.950008; -7.72591; -5.07147
25; Range; 14; 0.0159655; 0.287278; 0.248409; 19.0002; 154.518; 101.429
25; Stdev; 3.55528; 0.0034796; 0.0626108; 0.0541395; 4.14099; 33.6765; 22.106
26; 1; 31; 0; 0; 0; 0; -0; 0
26; 2; 22; 0; 0; 0; 0; -0; 0
26; 3; 23; 0; 0; 0; 0; -0; 0
26; 4; 26; 0; 0; 0; 0; -0; 0
26; 5; 23; 0; 0; 0; 0; -0; 0
26; 6; 24; 0; 0; 0; 0; -0; 0
26; 7; 29; 0; 0; 0; 0; -0; 0
26; 8; 21; 0; 0; 0; 0; -0; 0
26; 9; 19; 0; 0; 0; 0; -0; 0
26; 10; 26; 0; 0; 0; 0; -0; 0
26; 11; 26; 0; 0; 0; 0; -0; 0
26; 12; 22; 0; 0; 0; 0; -0; 0
26; 13; 15; 0; 0; 0; 0; -0; 0
26; 14; 30; 0; 0; 0; 0; -0; 0
26; 15; 33; 0; 0; 0; 0; -0; 0
26; 16; 23; 0; 0; 0; 0; -0; 0
26; 17; 23; 0; 0; 0; 0; -0; 0
26; 18; 32; 0; 0; 0; 0; -0; 0
26; 19; 28; 0; 0; 0; 0; -0; 0
26; 20; 21; 0; 0; 0; 0; -0; 0
26; Median; 24; 0; 0; 0; 0; -0; 0
26; Mean; 24.85; 0; 0; 0; 0; 0; 0
26; Range; 18; 0; 0; 0; 0; 0; 0
26; Stdev; 4.4975; 0; 0; 0; 0; 0; 0
27; 1; 29; 0; 0; 0; 0; -0; 0
27; 2; 22; 0; 0; 0; 0; -0; 0
27; 3; 26; 0; 0; 0; 0; -0; 0
27; 4; 30; 0; 0; 0; 0; -0; 0
27; 5; 29; 0; 0; 0; 0; -0; 0
27; 6; 30; 0; 0; 0; 0; -0; 0
27; 7; 29; 0; 0; 0; 0; -0; 0
27; 8; 21; 0; 0; 0; 0; -0; 0
27; 9; 30; 0; 0; 0; 0; -0; 0
27; 10; 27; 0; 0; 0; 0; -0; 0
27; 11; 23; 0; 0; 0; 0; -0; 0
27; 12; 28; 0; 0; 0; 0; -0; 0
27; 13; 24; 0; 0; 0; 0; -0; 0
27; 14; 26; 0; 0; 0; 0; -0; 0
27; 15; 24; 0; 0; 0; 0; -0; 0
27; 16; 27; 0; 0; 0; 0; -0; 0
27; 17; 26; 0.38063; 0.13061; 0.217812; -33.9644; 59.1644; 155.205
27; 18; 24; 0; 0; 0; 0; -0; 0
27; 19; 28; 0; 0; 0; 0; -0; 0
27; 20; 16; 0; 0; 0; 0; -0; 0
27; Median; 27; 0; 0; 0; 0; -0; 0
27; Mean; 25.95; 0.0190315; 0.0065305; 0.0108906; 7.76023; 2.95822; -1.69822
27; Range; 14; 0.38063; 0.13061; 0.217812; 155.205; 59.1644; 33.9644
27; Stdev; 3.5139; 0.0829564; 0.0284658; 0.0474711; 33.8261; 12.8946; 7.40238
