Linear Detection Measurement - Goesser_27_56_
Pose p; Framenumber n; number of detected matches; targetpose px[m]; py[m]; pz[m]; rotx[°]; roty[°]; rotz[°]
Pose p; calculate Median
Pose p; calculate Mittelwert
Pose p; calculate Spannweite
Pose p; calculate Stdev
1; 1; 90; -0.457214; 0.179104; 0.467093; -159.56; 178.443; 148.054
1; 2; 74; 0.319911; -0.0324324; 0.495235; 50.307; -151.901; 23.4245
1; 3; 85; 0.319911; -0.0324324; 0.495235; 50.307; -151.901; 23.4245
1; 4; 87; 0.236751; -0.122066; 0.559087; 54.6733; -144.963; 3.49346
1; 5; 86; 0.243544; -0.0170681; 0.853875; 65.5849; -169.052; 10.4632
1; 6; 80; 0.243544; -0.0170681; 0.853875; 65.5849; -169.052; 10.4632
1; 7; 79; 0.243544; -0.0170681; 0.853875; 65.5849; -169.052; 10.4632
1; 8; 75; 0.243544; -0.0170681; 0.853875; 65.5849; -169.052; 10.4632
1; 9; 74; 0.243544; -0.0170681; 0.853875; 65.5849; -169.052; 10.4632
1; 10; 72; 0.243544; -0.0170681; 0.853875; 65.5849; -169.052; 10.4632
1; 11; 83; 0.243544; -0.0170681; 0.853875; 65.5849; -169.052; 10.4632
1; 12; 89; 0.261468; -0.0718446; 0.67553; 54.9254; -165.857; 12.1484
1; 13; 80; -0.036007; -0.197882; 0.179662; -68.0436; -93.7619; 96.9779
1; 14; 88; -0.036007; -0.197882; 0.179662; -68.0436; -93.7619; 96.9779
1; 15; 82; 0.151696; -0.120681; 0.898446; -123.659; 37.8181; 157.381
1; 16; 77; 0.151696; -0.120681; 0.898446; -123.659; 37.8181; 157.381
1; 17; 78; 0.151696; -0.120681; 0.898446; -123.659; 37.8181; 157.381
1; 18; 82; 0.151696; -0.120681; 0.898446; -123.659; 37.8181; 157.381
1; 19; 80; 0.151696; -0.120681; 0.898446; -123.659; 37.8181; 157.381
1; 20; 81; 0.151696; -0.120681; 0.898446; -123.659; 37.8181; 157.381
1; Median: 81; 0.243544; -0.0324324; 0.853875; 23.4245; -144.963; 50.307
1; Mean: 81.1; 0.16119; -0.06595; 0.720965; 71.1015; -79.0082; -18.4146
1; Range: 18; 0.777125; 0.376986; 0.718785; 153.888; 347.495; 225.145
1; Stdev: 5.11762; 0.169464; 0.0821563; 0.233806; 67.1779; 106.743; 89.6837
2; 1; 87; -0.457214; 0.179104; 0.467093; -159.56; 178.443; 148.054
2; 2; 81; 0.319911; -0.0324324; 0.495235; 50.307; -151.901; 23.4245
2; 3; 76; 0.319911; -0.0324324; 0.495235; 50.307; -151.901; 23.4245
2; 4; 85; 0.236751; -0.122066; 0.559087; 54.6733; -144.963; 3.49346
2; 5; 83; 0.243544; -0.0170681; 0.853875; 65.5849; -169.052; 10.4632
2; 6; 76; 0.243544; -0.0170681; 0.853875; 65.5849; -169.052; 10.4632
2; 7; 77; 0.243544; -0.0170681; 0.853875; 65.5849; -169.052; 10.4632
2; 8; 78; 0.243544; -0.0170681; 0.853875; 65.5849; -169.052; 10.4632
2; 9; 75; 0.243544; -0.0170681; 0.853875; 65.5849; -169.052; 10.4632
2; 10; 79; 0.243544; -0.0170681; 0.853875; 65.5849; -169.052; 10.4632
2; 11; 76; 0.243544; -0.0170681; 0.853875; 65.5849; -169.052; 10.4632
2; 12; 83; 0.261468; -0.0718446; 0.67553; 54.9254; -165.857; 12.1484
2; 13; 78; -0.036007; -0.197882; 0.179662; -68.0436; -93.7619; 96.9779
2; 14; 82; -0.036007; -0.197882; 0.179662; -68.0436; -93.7619; 96.9779
2; 15; 94; 0.151696; -0.120681; 0.898446; -123.659; 37.8181; 157.381
2; 16; 80; 0.151696; -0.120681; 0.898446; -123.659; 37.8181; 157.381
2; 17; 92; 0.151696; -0.120681; 0.898446; -123.659; 37.8181; 157.381
2; 18; 81; 0.151696; -0.120681; 0.898446; -123.659; 37.8181; 157.381
2; 19; 81; 0.151696; -0.120681; 0.898446; -123.659; 37.8181; 157.381
2; 20; 74; 0.151696; -0.120681; 0.898446; -123.659; 37.8181; 157.381
2; Median: 81; 0.243544; -0.0572747; 0.736093; 23.4245; -144.963; 50.307
2; Mean: 80.9; 0.169609; -0.0982798; 0.704509; 79.7329; -77.7181; -27.7692
2; Range: 20; 0.777125; 0.396285; 0.718785; 164.521; 347.495; 225.145
2; Stdev: 5.24309; 0.132462; 0.0871571; 0.176671; 73.6309; 97.6538; 93.718
3; 1; 92; -0.457214; 0.179104; 0.467093; -159.56; 178.443; 148.054
3; 2; 97; 0.319911; -0.0324324; 0.495235; 50.307; -151.901; 23.4245
3; 3; 87; 0.319911; -0.0324324; 0.495235; 50.307; -151.901; 23.4245
3; 4; 93; 0.236751; -0.122066; 0.559087; 54.6733; -144.963; 3.49346
3; 5; 74; 0.243544; -0.0170681; 0.853875; 65.5849; -169.052; 10.4632
3; 6; 92; 0.243544; -0.0170681; 0.853875; 65.5849; -169.052; 10.4632
3; 7; 106; 0.243544; -0.0170681; 0.853875; 65.5849; -169.052; 10.4632
3; 8; 96; 0.243544; -0.0170681; 0.853875; 65.5849; -169.052; 10.4632
3; 9; 92; 0.243544; -0.0170681; 0.853875; 65.5849; -169.052; 10.4632
3; 10; 81; 0.243544; -0.0170681; 0.853875; 65.5849; -169.052; 10.4632
3; 11; 99; 0.243544; -0.0170681; 0.853875; 65.5849; -169.052; 10.4632
3; 12; 91; 0.261468; -0.0718446; 0.67553; 54.9254; -165.857; 12.1484
3; 13; 80; -0.036007; -0.197882; 0.179662; -68.0436; -93.7619; 96.9779
3; 14; 74; -0.036007; -0.197882; 0.179662; -68.0436; -93.7619; 96.9779
3; 15; 90; 0.151696; -0.120681; 0.898446; -123.659; 37.8181; 157.381
3; 16; 96; 0.151696; -0.120681; 0.898446; -123.659; 37.8181; 157.381
3; 17; 109; 0.151696; -0.120681; 0.898446; -123.659; 37.8181; 157.381
3; 18; 103; 0.151696; -0.120681; 0.898446; -123.659; 37.8181; 157.381
3; 19; 100; 0.151696; -0.120681; 0.898446; -123.659; 37.8181; 157.381
3; 20; 85; 0.151696; -0.120681; 0.898446; -123.659; 37.8181; 157.381
3; Median: 92; 0.254427; -0.120681; 0.765871; 10.4632; -156.93; 56.4631
3; Mean: 91.85; 0.204239; -0.089345; 0.740092; 56.1384; -93.5731; 4.49827
3; Range: 35; 0.786982; 0.546672; 0.956632; 167.948; 347.495; 313.455
3; Stdev: 9.40359; 0.12426; 0.107205; 0.16426; 68.7876; 100.098; 90.608
4; 1; 121; -0.457214; 0.179104; 0.467093; -159.56; 178.443; 148.054
4; 2; 101; 0.319911; -0.0324324; 0.495235; 50.307; -151.901; 23.4245
4; 3; 111; 0.319911; -0.0324324; 0.495235; 50.307; -151.901; 23.4245
4; 4; 106; 0.236751; -0.122066; 0.559087; 54.6733; -144.963; 3.49346
4; 5; 98; 0.243544; -0.0170681; 0.853875; 65.5849; -169.052; 10.4632
4; 6; 91; 0.243544; -0.0170681; 0.853875; 65.5849; -169.052; 10.4632
4; 7; 116; 0.243544; -0.0170681; 0.853875; 65.5849; -169.052; 10.4632
4; 8; 85; 0.243544; -0.0170681; 0.853875; 65.5849; -169.052; 10.4632
4; 9; 110; 0.243544; -0.0170681; 0.853875; 65.5849; -169.052; 10.4632
4; 10; 89; 0.243544; -0.0170681; 0.853875; 65.5849; -169.052; 10.4632
4; 11; 109; 0.243544; -0.0170681; 0.853875; 65.5849; -169.052; 10.4632
4; 12; 112; 0.261468; -0.0718446; 0.67553; 54.9254; -165.857; 12.1484
4; 13; 112; -0.036007; -0.197882; 0.179662; -68.0436; -93.7619; 96.9779
4; 14; 99; -0.036007; -0.197882; 0.179662; -68.0436; -93.7619; 96.9779
4; 15; 111; 0.151696; -0.120681; 0.898446; -123.659; 37.8181; 157.381
4; 16; 97; 0.151696; -0.120681; 0.898446; -123.659; 37.8181; 157.381
4; 17; 93; 0.151696; -0.120681; 0.898446; -123.659; 37.8181; 157.381
4; 18; 106; 0.151696; -0.120681; 0.898446; -123.659; 37.8181; 157.381
4; 19; 95; 0.151696; -0.120681; 0.898446; -123.659; 37.8181; 157.381
4; 20; 102; 0.151696; -0.120681; 0.898446; -123.659; 37.8181; 157.381
4; Median: 106; 0.261468; -0.122778; 0.789591; 10.4632; -158.17; 56.4631
4; Mean: 103.2; 0.225686; -0.103154; 0.771238; 44.6342; -106.212; 18.5444
4; Range: 36; 0.786982; 0.546672; 0.956632; 167.948; 347.495; 313.455
4; Stdev: 9.47418; 0.11582; 0.10644; 0.155194; 62.8188; 96.319; 82.6988
5; 1; 115; -0.457214; 0.179104; 0.467093; -159.56; 178.443; 148.054
5; 2; 100; 0.319911; -0.0324324; 0.495235; 50.307; -151.901; 23.4245
5; 3; 115; 0.319911; -0.0324324; 0.495235; 50.307; -151.901; 23.4245
5; 4; 104; 0.236751; -0.122066; 0.559087; 54.6733; -144.963; 3.49346
5; 5; 111; 0.243544; -0.0170681; 0.853875; 65.5849; -169.052; 10.4632
5; 6; 114; 0.243544; -0.0170681; 0.853875; 65.5849; -169.052; 10.4632
5; 7; 107; 0.243544; -0.0170681; 0.853875; 65.5849; -169.052; 10.4632
5; 8; 115; 0.243544; -0.0170681; 0.853875; 65.5849; -169.052; 10.4632
5; 9; 115; 0.243544; -0.0170681; 0.853875; 65.5849; -169.052; 10.4632
5; 10; 115; 0.243544; -0.0170681; 0.853875; 65.5849; -169.052; 10.4632
5; 11; 105; 0.243544; -0.0170681; 0.853875; 65.5849; -169.052; 10.4632
5; 12; 109; 0.261468; -0.0718446; 0.67553; 54.9254; -165.857; 12.1484
5; 13; 93; -0.036007; -0.197882; 0.179662; -68.0436; -93.7619; 96.9779
5; 14; 117; -0.036007; -0.197882; 0.179662; -68.0436; -93.7619; 96.9779
5; 15; 117; 0.151696; -0.120681; 0.898446; -123.659; 37.8181; 157.381
5; 16; 124; 0.151696; -0.120681; 0.898446; -123.659; 37.8181; 157.381
5; 17; 117; 0.151696; -0.120681; 0.898446; -123.659; 37.8181; 157.381
5; 18; 107; 0.151696; -0.120681; 0.898446; -123.659; 37.8181; 157.381
5; 19; 105; 0.151696; -0.120681; 0.898446; -123.659; 37.8181; 157.381
5; 20; 104; 0.151696; -0.120681; 0.898446; -123.659; 37.8181; 157.381
5; Median: 114; 0.292684; -0.133463; 0.852529; 10.1517; -159.382; 56.6323
5; Mean: 110.45; 0.2426; -0.124721; 0.811314; 37.5358; -117.204; 26.968
5; Range: 31; 0.786982; 0.570555; 0.956632; 167.948; 347.495; 313.455
5; Stdev: 7.10968; 0.109025; 0.110073; 0.16129; 57.9544; 88.9219; 76.1774
6; 1; 101; -0.457214; 0.179104; 0.467093; -159.56; 178.443; 148.054
6; 2; 105; 0.319911; -0.0324324; 0.495235; 50.307; -151.901; 23.4245
6; 3; 111; 0.319911; -0.0324324; 0.495235; 50.307; -151.901; 23.4245
6; 4; 106; 0.236751; -0.122066; 0.559087; 54.6733; -144.963; 3.49346
6; 5; 103; 0.243544; -0.0170681; 0.853875; 65.5849; -169.052; 10.4632
6; 6; 111; 0.243544; -0.0170681; 0.853875; 65.5849; -169.052; 10.4632
6; 7; 115; 0.243544; -0.0170681; 0.853875; 65.5849; -169.052; 10.4632
6; 8; 113; 0.243544; -0.0170681; 0.853875; 65.5849; -169.052; 10.4632
6; 9; 117; 0.243544; -0.0170681; 0.853875; 65.5849; -169.052; 10.4632
6; 10; 108; 0.243544; -0.0170681; 0.853875; 65.5849; -169.052; 10.4632
6; 11; 113; 0.243544; -0.0170681; 0.853875; 65.5849; -169.052; 10.4632
6; 12; 114; 0.261468; -0.0718446; 0.67553; 54.9254; -165.857; 12.1484
6; 13; 106; -0.036007; -0.197882; 0.179662; -68.0436; -93.7619; 96.9779
6; 14; 112; -0.036007; -0.197882; 0.179662; -68.0436; -93.7619; 96.9779
6; 15; 112; 0.151696; -0.120681; 0.898446; -123.659; 37.8181; 157.381
6; 16; 120; 0.151696; -0.120681; 0.898446; -123.659; 37.8181; 157.381
6; 17; 121; 0.151696; -0.120681; 0.898446; -123.659; 37.8181; 157.381
6; 18; 114; 0.151696; -0.120681; 0.898446; -123.659; 37.8181; 157.381
6; 19; 109; 0.151696; -0.120681; 0.898446; -123.659; 37.8181; 157.381
6; 20; 112; 0.151696; -0.120681; 0.898446; -123.659; 37.8181; 157.381
6; Median: 112; 0.294756; -0.166172; 0.85626; 9.88877; -159.9; 56.5585
6; Mean: 111.15; 0.252123; -0.148496; 0.847663; 32.911; -124.449; 31.7772
6; Range: 20; 0.786982; 0.607967; 0.956632; 167.948; 347.495; 313.455
6; Stdev: 5.12128; 0.101806; 0.113686; 0.168565; 53.9074; 82.7815; 70.3703
7; 1; 72; -0.457214; 0.179104; 0.467093; -159.56; 178.443; 148.054
7; 2; 71; 0.319911; -0.0324324; 0.495235; 50.307; -151.901; 23.4245
7; 3; 84; 0.319911; -0.0324324; 0.495235; 50.307; -151.901; 23.4245
7; 4; 86; 0.236751; -0.122066; 0.559087; 54.6733; -144.963; 3.49346
7; 5; 67; 0.243544; -0.0170681; 0.853875; 65.5849; -169.052; 10.4632
7; 6; 73; 0.243544; -0.0170681; 0.853875; 65.5849; -169.052; 10.4632
7; 7; 77; 0.243544; -0.0170681; 0.853875; 65.5849; -169.052; 10.4632
7; 8; 70; 0.243544; -0.0170681; 0.853875; 65.5849; -169.052; 10.4632
7; 9; 78; 0.243544; -0.0170681; 0.853875; 65.5849; -169.052; 10.4632
7; 10; 78; 0.243544; -0.0170681; 0.853875; 65.5849; -169.052; 10.4632
7; 11; 68; 0.243544; -0.0170681; 0.853875; 65.5849; -169.052; 10.4632
7; 12; 86; 0.261468; -0.0718446; 0.67553; 54.9254; -165.857; 12.1484
7; 13; 75; -0.036007; -0.197882; 0.179662; -68.0436; -93.7619; 96.9779
7; 14; 70; -0.036007; -0.197882; 0.179662; -68.0436; -93.7619; 96.9779
7; 15; 85; 0.151696; -0.120681; 0.898446; -123.659; 37.8181; 157.381
7; 16; 73; 0.151696; -0.120681; 0.898446; -123.659; 37.8181; 157.381
7; 17; 73; 0.151696; -0.120681; 0.898446; -123.659; 37.8181; 157.381
7; 18; 84; 0.151696; -0.120681; 0.898446; -123.659; 37.8181; 157.381
7; 19; 88; 0.151696; -0.120681; 0.898446; -123.659; 37.8181; 157.381
7; 20; 79; 0.151696; -0.120681; 0.898446; -123.659; 37.8181; 157.381
7; Median: 77; 0.298053; -0.173143; 0.898446; 10.0137; -159.944; 56.5198
7; Mean: 76.85; 0.26159; -0.173866; 0.888203; 29.7152; -129.55; 35.1287
7; Range: 21; 0.786982; 0.668195; 0.995483; 167.948; 347.495; 313.455
7; Stdev: 6.49057; 0.0970914; 0.122245; 0.185269; 50.521; 77.6626; 65.673
8; 1; 53; -0.457214; 0.179104; 0.467093; -159.56; 178.443; 148.054
8; 2; 57; 0.319911; -0.0324324; 0.495235; 50.307; -151.901; 23.4245
8; 3; 50; 0.319911; -0.0324324; 0.495235; 50.307; -151.901; 23.4245
8; 4; 62; 0.236751; -0.122066; 0.559087; 54.6733; -144.963; 3.49346
8; 5; 58; 0.243544; -0.0170681; 0.853875; 65.5849; -169.052; 10.4632
8; 6; 52; 0.243544; -0.0170681; 0.853875; 65.5849; -169.052; 10.4632
8; 7; 51; 0.243544; -0.0170681; 0.853875; 65.5849; -169.052; 10.4632
8; 8; 61; 0.243544; -0.0170681; 0.853875; 65.5849; -169.052; 10.4632
8; 9; 59; 0.243544; -0.0170681; 0.853875; 65.5849; -169.052; 10.4632
8; 10; 60; 0.243544; -0.0170681; 0.853875; 65.5849; -169.052; 10.4632
8; 11; 54; 0.243544; -0.0170681; 0.853875; 65.5849; -169.052; 10.4632
8; 12; 65; 0.261468; -0.0718446; 0.67553; 54.9254; -165.857; 12.1484
8; 13; 57; -0.036007; -0.197882; 0.179662; -68.0436; -93.7619; 96.9779
8; 14; 60; -0.036007; -0.197882; 0.179662; -68.0436; -93.7619; 96.9779
8; 15; 49; 0.151696; -0.120681; 0.898446; -123.659; 37.8181; 157.381
8; 16; 63; 0.151696; -0.120681; 0.898446; -123.659; 37.8181; 157.381
8; 17; 59; 0.151696; -0.120681; 0.898446; -123.659; 37.8181; 157.381
8; 18; 54; 0.151696; -0.120681; 0.898446; -123.659; 37.8181; 157.381
8; 19; 60; 0.151696; -0.120681; 0.898446; -123.659; 37.8181; 157.381
8; 20; 54; 0.151696; -0.120681; 0.898446; -123.659; 37.8181; 157.381
8; Median: 58; 0.29968; -0.217182; 0.947634; 9.99636; -160.013; 56.5475
8; Mean: 56.9; 0.265301; -0.195443; 0.936105; 27.9132; -127.617; 37.0929
8; Range: 16; 0.80185; 0.72672; 1.32263; 167.948; 347.495; 313.455
8; Stdev: 4.43734; 0.100659; 0.131401; 0.217328; 48.2617; 83.0562; 64.1462
9; 1; 40; -0.457214; 0.179104; 0.467093; -159.56; 178.443; 148.054
9; 2; 48; 0.319911; -0.0324324; 0.495235; 50.307; -151.901; 23.4245
9; 3; 43; 0.319911; -0.0324324; 0.495235; 50.307; -151.901; 23.4245
9; 4; 37; 0.236751; -0.122066; 0.559087; 54.6733; -144.963; 3.49346
9; 5; 44; 0.243544; -0.0170681; 0.853875; 65.5849; -169.052; 10.4632
9; 6; 43; 0.243544; -0.0170681; 0.853875; 65.5849; -169.052; 10.4632
9; 7; 49; 0.243544; -0.0170681; 0.853875; 65.5849; -169.052; 10.4632
9; 8; 37; 0.243544; -0.0170681; 0.853875; 65.5849; -169.052; 10.4632
9; 9; 43; 0.243544; -0.0170681; 0.853875; 65.5849; -169.052; 10.4632
9; 10; 43; 0.243544; -0.0170681; 0.853875; 65.5849; -169.052; 10.4632
9; 11; 37; 0.243544; -0.0170681; 0.853875; 65.5849; -169.052; 10.4632
9; 12; 39; 0.261468; -0.0718446; 0.67553; 54.9254; -165.857; 12.1484
9; 13; 46; -0.036007; -0.197882; 0.179662; -68.0436; -93.7619; 96.9779
9; 14; 39; -0.036007; -0.197882; 0.179662; -68.0436; -93.7619; 96.9779
9; 15; 31; 0.151696; -0.120681; 0.898446; -123.659; 37.8181; 157.381
9; 16; 39; 0.151696; -0.120681; 0.898446; -123.659; 37.8181; 157.381
9; 17; 43; 0.151696; -0.120681; 0.898446; -123.659; 37.8181; 157.381
9; 18; 33; 0.151696; -0.120681; 0.898446; -123.659; 37.8181; 157.381
9; 19; 38; 0.151696; -0.120681; 0.898446; -123.659; 37.8181; 157.381
9; 20; 41; 0.151696; -0.120681; 0.898446; -123.659; 37.8181; 157.381
9; Median: 41; 0.301442; -0.226019; 0.973735; 9.87761; -159.944; 56.5475
9; Mean: 40.65; 0.267247; -0.219997; 0.982971; 26.9384; -125.2; 39.3451
9; Range: 18; 0.810708; 0.874281; 1.43137; 167.948; 347.691; 338.743
9; Stdev: 4.46402; 0.102941; 0.143803; 0.246333; 46.6514; 87.064; 63.836
10; 1; 33; -0.457214; 0.179104; 0.467093; -159.56; 178.443; 148.054
10; 2; 30; 0.319911; -0.0324324; 0.495235; 50.307; -151.901; 23.4245
10; 3; 27; 0.319911; -0.0324324; 0.495235; 50.307; -151.901; 23.4245
10; 4; 21; 0.236751; -0.122066; 0.559087; 54.6733; -144.963; 3.49346
10; 5; 38; 0.243544; -0.0170681; 0.853875; 65.5849; -169.052; 10.4632
10; 6; 34; 0.243544; -0.0170681; 0.853875; 65.5849; -169.052; 10.4632
10; 7; 36; 0.243544; -0.0170681; 0.853875; 65.5849; -169.052; 10.4632
10; 8; 31; 0.243544; -0.0170681; 0.853875; 65.5849; -169.052; 10.4632
10; 9; 38; 0.243544; -0.0170681; 0.853875; 65.5849; -169.052; 10.4632
10; 10; 26; 0.243544; -0.0170681; 0.853875; 65.5849; -169.052; 10.4632
10; 11; 38; 0.243544; -0.0170681; 0.853875; 65.5849; -169.052; 10.4632
10; 12; 31; 0.261468; -0.0718446; 0.67553; 54.9254; -165.857; 12.1484
10; 13; 35; -0.036007; -0.197882; 0.179662; -68.0436; -93.7619; 96.9779
10; 14; 27; -0.036007; -0.197882; 0.179662; -68.0436; -93.7619; 96.9779
10; 15; 34; 0.151696; -0.120681; 0.898446; -123.659; 37.8181; 157.381
10; 16; 29; 0.151696; -0.120681; 0.898446; -123.659; 37.8181; 157.381
10; 17; 27; 0.151696; -0.120681; 0.898446; -123.659; 37.8181; 157.381
10; 18; 42; 0.151696; -0.120681; 0.898446; -123.659; 37.8181; 157.381
10; 19; 30; 0.151696; -0.120681; 0.898446; -123.659; 37.8181; 157.381
10; 20; 28; 0.151696; -0.120681; 0.898446; -123.659; 37.8181; 157.381
10; Median: 31; 0.302033; -0.231333; 1.01589; 10.0908; -159.9; 56.5001
10; Mean: 31.75; 0.269497; -0.245236; 1.02252; 26.4353; -124.848; 39.0131
10; Range: 21; 0.810708; 0.915616; 1.5013; 167.948; 347.874; 339.242
10; Stdev: 5.0386; 0.102031; 0.157147; 0.263528; 45.5193; 87.7072; 63.9529
11; 1; 23; -0.457214; 0.179104; 0.467093; -159.56; 178.443; 148.054
11; 2; 27; 0.319911; -0.0324324; 0.495235; 50.307; -151.901; 23.4245
11; 3; 19; 0.319911; -0.0324324; 0.495235; 50.307; -151.901; 23.4245
11; 4; 24; 0.236751; -0.122066; 0.559087; 54.6733; -144.963; 3.49346
11; 5; 15; 0.243544; -0.0170681; 0.853875; 65.5849; -169.052; 10.4632
11; 6; 23; 0.243544; -0.0170681; 0.853875; 65.5849; -169.052; 10.4632
11; 7; 20; 0.243544; -0.0170681; 0.853875; 65.5849; -169.052; 10.4632
11; 8; 28; 0.243544; -0.0170681; 0.853875; 65.5849; -169.052; 10.4632
11; 9; 18; 0.243544; -0.0170681; 0.853875; 65.5849; -169.052; 10.4632
11; 10; 28; 0.243544; -0.0170681; 0.853875; 65.5849; -169.052; 10.4632
11; 11; 21; 0.243544; -0.0170681; 0.853875; 65.5849; -169.052; 10.4632
11; 12; 21; 0.261468; -0.0718446; 0.67553; 54.9254; -165.857; 12.1484
11; 13; 25; -0.036007; -0.197882; 0.179662; -68.0436; -93.7619; 96.9779
11; 14; 25; -0.036007; -0.197882; 0.179662; -68.0436; -93.7619; 96.9779
11; 15; 24; 0.151696; -0.120681; 0.898446; -123.659; 37.8181; 157.381
11; 16; 27; 0.151696; -0.120681; 0.898446; -123.659; 37.8181; 157.381
11; 17; 20; 0.151696; -0.120681; 0.898446; -123.659; 37.8181; 157.381
11; 18; 21; 0.151696; -0.120681; 0.898446; -123.659; 37.8181; 157.381
11; 19; 32; 0.151696; -0.120681; 0.898446; -123.659; 37.8181; 157.381
11; 20; 28; 0.151696; -0.120681; 0.898446; -123.659; 37.8181; 157.381
11; Median: 24; 0.301442; -0.265822; 1.04287; 10.1224; -159.584; 56.5782
11; Mean: 23.45; 0.259778; -0.267883; 1.06596; 25.1513; -122.635; 42.4103
11; Range: 17; 0.8469; 0.915616; 1.77493; 167.948; 354.379; 339.242
11; Stdev: 4.05555; 0.12613; 0.1674; 0.293045; 43.6303; 89.6718; 62.23
12; 1; 17; -0.457214; 0.179104; 0.467093; -159.56; 178.443; 148.054
12; 2; 16; 0.319911; -0.0324324; 0.495235; 50.307; -151.901; 23.4245
12; 3; 14; 0.319911; -0.0324324; 0.495235; 50.307; -151.901; 23.4245
12; 4; 13; 0.236751; -0.122066; 0.559087; 54.6733; -144.963; 3.49346
12; 5; 17; 0.243544; -0.0170681; 0.853875; 65.5849; -169.052; 10.4632
12; 6; 17; 0.243544; -0.0170681; 0.853875; 65.5849; -169.052; 10.4632
12; 7; 20; 0.243544; -0.0170681; 0.853875; 65.5849; -169.052; 10.4632
12; 8; 21; 0.243544; -0.0170681; 0.853875; 65.5849; -169.052; 10.4632
12; 9; 22; 0.243544; -0.0170681; 0.853875; 65.5849; -169.052; 10.4632
12; 10; 21; 0.243544; -0.0170681; 0.853875; 65.5849; -169.052; 10.4632
12; 11; 21; 0.243544; -0.0170681; 0.853875; 65.5849; -169.052; 10.4632
12; 12; 18; 0.261468; -0.0718446; 0.67553; 54.9254; -165.857; 12.1484
12; 13; 18; -0.036007; -0.197882; 0.179662; -68.0436; -93.7619; 96.9779
12; 14; 23; -0.036007; -0.197882; 0.179662; -68.0436; -93.7619; 96.9779
12; 15; 20; 0.151696; -0.120681; 0.898446; -123.659; 37.8181; 157.381
12; 16; 16; 0.151696; -0.120681; 0.898446; -123.659; 37.8181; 157.381
12; 17; 22; 0.151696; -0.120681; 0.898446; -123.659; 37.8181; 157.381
12; 18; 21; 0.151696; -0.120681; 0.898446; -123.659; 37.8181; 157.381
12; 19; 16; 0.151696; -0.120681; 0.898446; -123.659; 37.8181; 157.381
12; 20; 16; 0.151696; -0.120681; 0.898446; -123.659; 37.8181; 157.381
12; Median: 18; 0.30361; -0.268746; 1.08665; 10.1986; -159.525; 56.63
12; Mean: 18.45; 0.267677; -0.291877; 1.10364; 24.057; -122.761; 43.6255
12; Range: 10; 0.852348; 0.949339; 1.77493; 167.948; 357.135; 339.242
12; Stdev: 2.80134; 0.124628; 0.179564; 0.310281; 41.9572; 90.0158; 60.1116
13; 1; 17; -0.457214; 0.179104; 0.467093; -159.56; 178.443; 148.054
13; 2; 16; 0.319911; -0.0324324; 0.495235; 50.307; -151.901; 23.4245
13; 3; 16; 0.319911; -0.0324324; 0.495235; 50.307; -151.901; 23.4245
13; 4; 17; 0.236751; -0.122066; 0.559087; 54.6733; -144.963; 3.49346
13; 5; 20; 0.243544; -0.0170681; 0.853875; 65.5849; -169.052; 10.4632
13; 6; 23; 0.243544; -0.0170681; 0.853875; 65.5849; -169.052; 10.4632
13; 7; 13; 0.243544; -0.0170681; 0.853875; 65.5849; -169.052; 10.4632
13; 8; 15; 0.243544; -0.0170681; 0.853875; 65.5849; -169.052; 10.4632
13; 9; 19; 0.243544; -0.0170681; 0.853875; 65.5849; -169.052; 10.4632
13; 10; 25; 0.243544; -0.0170681; 0.853875; 65.5849; -169.052; 10.4632
13; 11; 19; 0.243544; -0.0170681; 0.853875; 65.5849; -169.052; 10.4632
13; 12; 14; 0.261468; -0.0718446; 0.67553; 54.9254; -165.857; 12.1484
13; 13; 19; -0.036007; -0.197882; 0.179662; -68.0436; -93.7619; 96.9779
13; 14; 13; -0.036007; -0.197882; 0.179662; -68.0436; -93.7619; 96.9779
13; 15; 23; 0.151696; -0.120681; 0.898446; -123.659; 37.8181; 157.381
13; 16; 17; 0.151696; -0.120681; 0.898446; -123.659; 37.8181; 157.381
13; 17; 15; 0.151696; -0.120681; 0.898446; -123.659; 37.8181; 157.381
13; 18; 18; 0.151696; -0.120681; 0.898446; -123.659; 37.8181; 157.381
13; 19; 19; 0.151696; -0.120681; 0.898446; -123.659; 37.8181; 157.381
13; 20; 21; 0.151696; -0.120681; 0.898446; -123.659; 37.8181; 157.381
13; Median: 18; 0.304434; -0.321354; 1.13833; 10.3331; -159.212; 56.6323
13; Mean: 17.95; 0.264797; -0.313627; 1.14747; 25.6623; -119.98; 43.2054
13; Range: 12; 0.852348; 1.00101; 1.82889; 179.362; 357.135; 339.242
13; Stdev: 3.24769; 0.130889; 0.190029; 0.351053; 44.426; 92.5275; 60.9448
14; 1; 15; -0.457214; 0.179104; 0.467093; -159.56; 178.443; 148.054
14; 2; 12; 0.319911; -0.0324324; 0.495235; 50.307; -151.901; 23.4245
14; 3; 11; 0.319911; -0.0324324; 0.495235; 50.307; -151.901; 23.4245
14; 4; 16; 0.236751; -0.122066; 0.559087; 54.6733; -144.963; 3.49346
14; 5; 17; 0.243544; -0.0170681; 0.853875; 65.5849; -169.052; 10.4632
14; 6; 11; 0.243544; -0.0170681; 0.853875; 65.5849; -169.052; 10.4632
14; 7; 15; 0.243544; -0.0170681; 0.853875; 65.5849; -169.052; 10.4632
14; 8; 11; 0.243544; -0.0170681; 0.853875; 65.5849; -169.052; 10.4632
14; 9; 16; 0.243544; -0.0170681; 0.853875; 65.5849; -169.052; 10.4632
14; 10; 12; 0.243544; -0.0170681; 0.853875; 65.5849; -169.052; 10.4632
14; 11; 13; 0.243544; -0.0170681; 0.853875; 65.5849; -169.052; 10.4632
14; 12; 16; 0.261468; -0.0718446; 0.67553; 54.9254; -165.857; 12.1484
14; 13; 21; -0.036007; -0.197882; 0.179662; -68.0436; -93.7619; 96.9779
14; 14; 10; -0.036007; -0.197882; 0.179662; -68.0436; -93.7619; 96.9779
14; 15; 12; 0.151696; -0.120681; 0.898446; -123.659; 37.8181; 157.381
14; 16; 13; 0.151696; -0.120681; 0.898446; -123.659; 37.8181; 157.381
14; 17; 14; 0.151696; -0.120681; 0.898446; -123.659; 37.8181; 157.381
14; 18; 13; 0.151696; -0.120681; 0.898446; -123.659; 37.8181; 157.381
14; 19; 16; 0.151696; -0.120681; 0.898446; -123.659; 37.8181; 157.381
14; 20; 11; 0.151696; -0.120681; 0.898446; -123.659; 37.8181; 157.381
14; Median: 13; 0.305021; -0.324955; 1.14796; 10.4632; -158.996; 56.9108
14; Mean: 13.75; 0.265654; -0.323442; 1.17452; 28.2388; -114.649; 43.0268
14; Range: 11; 0.888698; 1.03869; 1.90166; 179.362; 357.135; 339.242
14; Stdev: 2.66224; 0.132636; 0.202186; 0.369819; 46.9643; 97.5635; 61.4466
15; 1; 12; -0.457214; 0.179104; 0.467093; -159.56; 178.443; 148.054
15; 2; 14; 0.319911; -0.0324324; 0.495235; 50.307; -151.901; 23.4245
15; 3; 12; 0.319911; -0.0324324; 0.495235; 50.307; -151.901; 23.4245
15; 4; 14; 0.236751; -0.122066; 0.559087; 54.6733; -144.963; 3.49346
15; 5; 11; 0.243544; -0.0170681; 0.853875; 65.5849; -169.052; 10.4632
15; 6; 15; 0.243544; -0.0170681; 0.853875; 65.5849; -169.052; 10.4632
15; 7; 10; 0.243544; -0.0170681; 0.853875; 65.5849; -169.052; 10.4632
15; 8; 10; 0.243544; -0.0170681; 0.853875; 65.5849; -169.052; 10.4632
15; 9; 11; 0.243544; -0.0170681; 0.853875; 65.5849; -169.052; 10.4632
15; 10; 10; 0.243544; -0.0170681; 0.853875; 65.5849; -169.052; 10.4632
15; 11; 13; 0.243544; -0.0170681; 0.853875; 65.5849; -169.052; 10.4632
15; 12; 15; 0.261468; -0.0718446; 0.67553; 54.9254; -165.857; 12.1484
15; 13; 7; -0.036007; -0.197882; 0.179662; -68.0436; -93.7619; 96.9779
15; 14; 7; -0.036007; -0.197882; 0.179662; -68.0436; -93.7619; 96.9779
15; 15; 9; 0.151696; -0.120681; 0.898446; -123.659; 37.8181; 157.381
15; 16; 13; 0.151696; -0.120681; 0.898446; -123.659; 37.8181; 157.381
15; 17; 11; 0.151696; -0.120681; 0.898446; -123.659; 37.8181; 157.381
15; 18; 12; 0.151696; -0.120681; 0.898446; -123.659; 37.8181; 157.381
15; 19; 13; 0.151696; -0.120681; 0.898446; -123.659; 37.8181; 157.381
15; 20; 17; 0.151696; -0.120681; 0.898446; -123.659; 37.8181; 157.381
15; Median: 12; 0.303068; -0.337187; 1.21935; 10.3493; -158.967; 56.9143
15; Mean: 11.8; 0.257842; -0.354754; 1.24921; 27.0172; -112.754; 45.5418
15; Range: 10; 1.14555; 1.46702; 4.07771; 179.362; 357.135; 339.242
15; Stdev: 2.5219; 0.162888; 0.232482; 0.519777; 45.612; 98.5651; 60.5583
