Linear Detection Measurement - Goesser_27_56_
Pose p; Framenumber n; number of detected matches; targetpose px[m]; py[m]; pz[m]; rotx[°]; roty[°]; rotz[°]
Pose p; calculate Median
Pose p; calculate Mittelwert
Pose p; calculate Spannweite
Pose p; calculate Stdev
1; 1; 90; -0.457214; 0.179104; 0.467093; -159.56; 178.443; 148.054
1; 2; 74; 0.319911; -0.0324324; 0.495235; 50.307; -151.901; 23.4245
1; 3; 85; 0; 0; 0; 0; -0; 0
1; 4; 87; 0.236751; -0.122066; 0.559087; 54.6733; -144.963; 3.49346
1; 5; 86; 0.243544; -0.0170681; 0.853875; 65.5849; -169.052; 10.4632
1; 6; 80; 0; 0; 0; 0; -0; 0
1; 7; 79; 0; 0; 0; 0; -0; 0
1; 8; 75; 0; 0; 0; 0; -0; 0
1; 9; 74; 0; 0; 0; 0; -0; 0
1; 10; 72; 0; 0; 0; 0; -0; 0
1; 11; 83; 0; 0; 0; 0; -0; 0
1; 12; 89; 0.261468; -0.0718446; 0.67553; 54.9254; -165.857; 12.1484
1; 13; 80; -0.036007; -0.197882; 0.179662; -68.0436; -93.7619; 96.9779
1; 14; 88; 0; 0; 0; 0; -0; 0
1; 15; 82; 0.151696; -0.120681; 0.898446; -123.659; 37.8181; 157.381
1; 16; 77; 0; 0; 0; 0; -0; 0
1; 17; 78; 0; 0; 0; 0; -0; 0
1; 18; 82; 0; 0; 0; 0; -0; 0
1; 19; 80; 0; 0; 0; 0; -0; 0
1; 20; 81; 0; 0; 0; 0; -0; 0
1; Median: 81; 0; 0; 0; 0; -0; 0
1; Mean: 81.1; 0.0360075; -0.0191435; 0.206446; 22.5971; -25.4638; -6.2886
1; Range: 18; 0.777125; 0.376986; 0.898446; 157.381; 347.495; 225.145
1; Stdev: 5.11762; 0.157082; 0.0706664; 0.312133; 48.3212; 80.3962; 53.5855
2; 1; 87; 0; 0; 0; 0; -0; 0
2; 2; 81; 0.254427; -0.0430215; 0.765871; 58.1627; -162.43; 10.6039
2; 3; 76; 0; 0; 0; 0; -0; 0
2; 4; 85; 0.0942945; -0.217182; 0.602006; -134.902; 7.96124; 168.015
2; 5; 83; 0; 0; 0; 0; -0; 0
2; 6; 76; 0; 0; 0; 0; -0; 0
2; 7; 77; 0; 0; 0; 0; -0; 0
2; 8; 78; 0; 0; 0; 0; -0; 0
2; 9; 75; 0; 0; 0; 0; -0; 0
2; 10; 79; 0; 0; 0; 0; -0; 0
2; 11; 76; 0; 0; 0; 0; -0; 0
2; 12; 83; 0; 0; 0; 0; -0; 0
2; 13; 78; 0.256915; -0.0572747; 0.736093; 59.8639; -163.777; 9.43136
2; 14; 82; 0; 0; 0; 0; -0; 0
2; 15; 94; 0; 0; 0; 0; -0; 0
2; 16; 80; 0; 0; 0; 0; -0; 0
2; 17; 92; 0; 0; 0; 0; -0; 0
2; 18; 81; 0; 0; 0; 0; -0; 0
2; 19; 81; 0; 0; 0; 0; -0; 0
2; 20; 74; 0.252958; -0.0499127; 0.760158; 59.9299; -166.727; 10.5453
2; Median: 81; 0; 0; 0; 0; -0; 0
2; Mean: 80.9; 0.0429297; -0.0183695; 0.143206; 9.92977; -24.2487; 2.15271
2; Range: 20; 0.256915; 0.217182; 0.765871; 168.015; 174.688; 194.832
2; Stdev: 5.24309; 0.0913121; 0.049011; 0.287965; 36.4483; 58.8676; 37.8577
3; 1; 92; 0.293209; -0.126571; 0.766776; 57.0703; -158.412; 9.2412
3; 2; 97; 0.292549; -0.122046; 0.789591; 58.8271; -160.623; 9.07606
3; 3; 87; 0.294236; -0.120826; 0.774095; 57.7424; -160.511; 10.269
3; 4; 93; 0.0740308; 0.308264; 1.06042; 144.48; 165.947; 17.298
3; 5; 74; 0.292925; -0.122276; 0.79339; 59.9128; -156.93; 7.65834
3; 6; 92; 0.273674; -0.131157; 0.817636; 66.7723; -156.974; 1.48815
3; 7; 106; 0.28267; -0.133463; 0.769215; 54.6839; -166.611; 10.339
3; 8; 96; 0.2918; -0.127422; 0.77488; 57.3861; -158.17; 8.7114
3; 9; 92; 0.292684; -0.119269; 0.787467; 64.6101; -156.107; 5.92316
3; 10; 81; 0.290546; -0.132294; 0.753525; 54.9669; -156.979; 9.12293
3; 11; 99; 0; 0; 0; 0; -0; 0
3; 12; 91; 0.292584; -0.122778; 0.782868; 55.8974; -163.382; 10.6788
3; 13; 80; 0.293353; -0.124939; 0.772361; 58.9764; -159.676; 8.93669
3; 14; 74; 0.299115; -0.119938; 0.773133; 56.4631; -157.695; 10.3493
3; 15; 90; 0.2955; -0.124273; 0.770839; 55.5028; -156.799; 9.78271
3; 16; 96; 0.294033; -0.130322; 0.7568; 55.81; -159.173; 9.22428
3; 17; 109; 0.312965; -0.111014; 0.721851; 58.4758; -152.909; 12.0808
3; 18; 103; 0.0980953; 0.329491; 0.931924; 153.895; 167.178; 11.084
3; 19; 100; 0.285706; -0.137497; 0.738586; 52.8399; -152.76; 8.53411
3; 20; 85; 0.329768; 0.0711188; 1.13629; 101.386; -148.098; 0.0673231
3; Median: 92; 0.292684; -0.122276; 0.774095; 9.22428; -156.974; 57.7424
3; Mean: 91.85; 0.258972; -0.0648606; 0.773583; 8.49326; -117.434; 66.2849
3; Range: 35; 0.329768; 0.466988; 1.13629; 17.298; 333.79; 153.895
3; Stdev: 9.40359; 0.0868806; 0.137237; 0.205532; 3.96945; 100.751; 32.2027
4; 1; 121; 0.29813; -0.168748; 0.856486; 55.3351; -160.896; 9.70154
4; 2; 101; 0.301518; -0.163649; 0.855778; 56.3808; -160.728; 10.1945
4; 3; 111; 0.105131; 0.257655; 1.12028; 143.183; 167.997; 14.1179
4; 4; 106; 0.296687; -0.169306; 0.852529; 56.9428; -160.607; 8.90193
4; 5; 98; 0.305021; -0.14804; 0.890538; 58.2087; -163.52; 11.9407
4; 6; 91; 0.307027; -0.156471; 0.862994; 57.1546; -160.534; 10.9829
4; 7; 116; 0.30188; -0.163188; 0.858499; 56.578; -160.445; 10.1224
4; 8; 85; 0.296868; -0.160799; 0.867499; 58.1688; -163.892; 10.1986
4; 9; 110; 0.291744; -0.169818; 0.85626; 55.7752; -165.227; 9.87761
4; 10; 89; 0.300193; -0.17173; 0.812453; 54.9263; -155.938; 9.58378
4; 11; 109; 0.297487; -0.170608; 0.854601; 55.8643; -160.67; 9.28044
4; 12; 112; 0.296047; -0.172706; 0.827904; 53.8197; -162.813; 10.4643
4; 13; 112; 0.301332; -0.166172; 0.850835; 56.1051; -159.584; 9.82159
4; 14; 99; 0.298053; -0.171058; 0.833694; 56.221; -158.332; 9.0844
4; 15; 111; 0.299676; -0.162698; 0.870128; 58.0152; -160.8; 9.35753
4; 16; 97; 0.306118; -0.162292; 0.844285; 56.4938; -158.038; 10.2715
4; 17; 93; 0.297212; -0.173143; 0.834004; 56.5475; -157.796; 8.53495
4; 18; 106; 0.307479; -0.163474; 0.821023; 54.937; -155.225; 10.8721
4; 19; 95; 0.294756; -0.16757; 0.866352; 57.1086; -164.059; 9.40606
4; 20; 102; 0.298182; -0.167802; 0.857382; 55.8908; -161.448; 9.71454
4; Median: 106; 0.298182; -0.166172; 0.85626; 9.87761; -160.607; 56.4938
4; Mean: 103.2; 0.290027; -0.144581; 0.864676; 10.1215; -144.128; 60.6828
4; Range: 36; 0.202348; 0.430798; 0.307828; 5.58293; 333.224; 89.3631
4; Stdev: 9.47418; 0.0426129; 0.0924683; 0.0612767; 1.19165; 71.6516; 18.9578
5; 1; 115; 0.296329; -0.240873; 0.973892; 55.2846; -166.299; 8.14205
5; 2; 100; 0.308282; -0.229309; 0.963935; 55.5193; -165.073; 10.1517
5; 3; 115; 0.308924; -0.231333; 0.976584; 57.1376; -161.968; 8.54698
5; 4; 104; 0.313492; -0.226945; 0.975775; 57.2531; -162.118; 9.30213
5; 5; 111; 0.295995; 0.124405; 1.12815; 127.947; -165.223; 9.10509
5; 6; 114; 0.318908; -0.227059; 0.934113; 56.3938; -156.211; 9.79639
5; 7; 107; 0.311374; -0.223714; 0.973051; 57.5319; -163.575; 9.88877
5; 8; 115; 0.30296; -0.229143; 0.987419; 58.7364; -164.289; 8.29813
5; 9; 115; 0.301442; -0.241064; 0.988509; 57.5147; -163.083; 6.98766
5; 10; 115; 0.31379; -0.229724; 0.955224; 56.3689; -159.382; 9.29531
5; 11; 105; 0.30361; -0.230164; 0.974492; 57.7; -163.745; 8.57845
5; 12; 109; 0.310561; -0.235435; 0.965884; 56.6323; -160.192; 8.34536
5; 13; 93; 0.311415; -0.23054; 0.963443; 56.9849; -158.417; 8.62867
5; 14; 117; 0.314786; -0.221337; 0.965115; 57.7776; -160.81; 10.0756
5; 15; 117; 0.313136; -0.226019; 0.961384; 58.3845; -158.076; 8.52119
5; 16; 124; 0.32499; -0.213158; 0.937781; 59.5637; -158.673; 11.0058
5; 17; 117; 0.31185; -0.225271; 0.961402; 57.4976; -160.579; 9.43541
5; 18; 107; 0.312633; -0.230717; 0.947634; 56.5198; -158.125; 8.92624
5; 19; 105; 0.322277; -0.221011; 0.915227; 54.9431; -155.036; 11.4411
5; 20; 104; 0.308315; -0.231383; 0.983339; 57.5593; -162.624; 8.37435
5; Median: 114; 0.311415; -0.229143; 0.965884; 9.10509; -160.81; 57.4976
5; Mean: 110.45; 0.310253; -0.21099; 0.971618; 9.14232; -161.175; 60.6625
5; Range: 31; 0.0289946; 0.365469; 0.212927; 4.45348; 11.2635; 73.004
5; Stdev: 7.10968; 0.00735167; 0.0771967; 0.0401367; 1.01779; 3.05731; 15.475
6; 1; 101; 0.301797; -0.266238; 1.04287; 57.1112; -159.781; 9.29339
6; 2; 105; 0.29968; -0.266255; 1.03167; 56.9164; -160.485; 9.27226
6; 3; 111; 0.299164; -0.264292; 1.03069; 56.679; -161.259; 9.79802
6; 4; 106; 0.303903; -0.263744; 1.0404; 56.63; -160.677; 10.0803
6; 5; 103; 0.301702; -0.267235; 1.02648; 55.5967; -160.247; 9.99636
6; 6; 111; 0.303068; -0.2661; 1.04363; 55.7513; -160.436; 10.0137
6; 7; 115; 0.305858; -0.2642; 1.01589; 56.0652; -158.586; 10.1106
6; 8; 113; 0.301521; -0.266135; 1.03092; 56.2421; -160.083; 9.78004
6; 9; 117; 0.291737; -0.269073; 1.05565; 55.5636; -166.281; 9.86199
6; 10; 108; 0.284278; -0.269446; 1.07102; 58.3705; -167.256; 8.09729
6; 11; 113; 0.2908; -0.269083; 1.05214; 56.9994; -163.889; 8.8138
6; 12; 114; 0.306664; -0.267368; 0.963972; 51.9073; -157.524; 11.9601
6; 13; 106; 0.293602; -0.278476; 0.973735; 51.4958; -158.183; 9.71531
6; 14; 112; 0.295458; -0.268746; 1.05588; 56.5782; -163.433; 9.26344
6; 15; 112; 0.300287; -0.26785; 1.03645; 55.962; -159.944; 9.69979
6; 16; 120; 0.300396; -0.267321; 1.05704; 57.8822; -159.9; 8.75792
6; 17; 121; 0.302033; -0.265822; 1.039; 56.5585; -160.008; 9.6771
6; 18; 114; 0.308516; -0.264494; 0.980269; 53.2422; -157.292; 11.7552
6; 19; 109; 0.299691; -0.269651; 1.0322; 56.2341; -159.073; 9.09722
6; 20; 112; 0.304695; -0.265886; 1.00825; 54.6719; -159.092; 10.6935
6; Median: 112; 0.301521; -0.266255; 1.03645; 9.78004; -160.008; 56.2421
6; Mean: 111.15; 0.299743; -0.267371; 1.02941; 9.78687; -160.671; 55.8229
6; Range: 20; 0.024238; 0.0147316; 0.107045; 3.86284; 9.9636; 6.87479
6; Stdev: 5.12128; 0.00579644; 0.00309869; 0.0278377; 0.890347; 2.57908; 1.73283
7; 1; 72; 0.3193; -0.326392; 1.15194; 57.2591; -158.967; 9.59431
7; 2; 71; 0.31981; -0.321354; 1.1389; 54.2748; -162.975; 11.9436
7; 3; 84; 0.31643; -0.320681; 1.1393; 56.9143; -160.786; 10.5571
7; 4; 86; 0.31903; -0.330543; 1.10864; 52.2525; -160.904; 11.2776
7; 5; 67; 0.322006; -0.324046; 1.11382; 55.6453; -159.212; 10.6131
7; 6; 73; 0.323714; -0.323381; 1.08372; 50.9713; -160.013; 12.6479
7; 7; 77; 0.319748; -0.327534; 1.12894; 57.9449; -154.163; 8.88692
7; 8; 70; 0.31021; -0.337187; 1.1503; 52.8476; -162.508; 9.77676
7; 9; 78; 0.318894; -0.32672; 1.13309; 56.5001; -160.26; 9.77434
7; 10; 78; 0.324931; -0.321984; 1.08665; 50.9552; -159.908; 12.9575
7; 11; 68; 0.320714; -0.32555; 1.14657; 55.3429; -160.33; 10.786
7; 12; 86; 0.299679; -0.326215; 1.17514; 58.9425; -168.599; 8.78986
7; 13; 75; 0.319302; -0.325892; 1.14796; 55.2925; -158.996; 10.8655
7; 14; 70; 0.328569; -0.316273; 1.05991; 53.647; -152.874; 12.5487
7; 15; 85; 0.314351; -0.328942; 1.16184; 57.4057; -162.464; 9.0436
7; 16; 73; 0.314971; -0.329979; 1.13833; 56.9896; -161.476; 9.13684
7; 17; 73; 0.324634; -0.321766; 1.14446; 57.4511; -156.312; 10.3331
7; 18; 84; 0.312439; -0.338704; 1.12533; 49.6757; -164.121; 11.155
7; 19; 88; 0.319728; -0.323683; 1.14373; 55.8781; -159.069; 11.1235
7; 20; 79; 0.319361; -0.324955; 1.15022; 58.5751; -159.142; 8.99319
7; Median: 77; 0.319361; -0.32555; 1.1393; 10.6131; -160.013; 55.8781
7; Mean: 76.85; 0.318391; -0.326089; 1.13144; 10.5402; -160.154; 55.2383
7; Range: 21; 0.0288908; 0.0224305; 0.115235; 4.16768; 15.7243; 9.26681
7; Stdev: 6.49057; 0.00602255; 0.00515014; 0.0275924; 1.26945; 3.30301; 2.64105
8; 1; 53; 0.316528; -0.39689; 1.20742; 52.3959; -163.863; 8.91197
8; 2; 57; 0.33846; -0.372177; 1.28398; 56.1788; -163.668; 12.8455
8; 3; 50; 0.336967; -0.378754; 1.23195; 54.7664; -159.504; 11.7694
8; 4; 62; 0.326891; -0.393154; 1.24025; 52.0978; -164.544; 10.5971
8; 5; 58; -0.196579; -0.119414; 1.46756; -154.683; 118.958; 120.436
8; 6; 52; 0.193112; -0.156324; 1.50229; 111.533; 171.278; 5.27856
8; 7; 51; 0.191781; -0.151269; 1.49919; 112.161; 171.12; 6.03209
8; 8; 61; 0.329945; -0.384127; 1.25352; 58.1618; -162.426; 8.97501
8; 9; 59; 0.326806; -0.385165; 1.22004; 57.7913; -159.084; 8.10711
8; 10; 60; 0.320631; -0.397119; 1.19967; 50.333; -163.725; 9.74757
8; 11; 54; 0.333667; -0.376286; 1.23013; 58.2108; -160.305; 9.59652
8; 12; 65; 0.334192; -0.380073; 1.24126; 58.2599; -159.584; 9.18122
8; 13; 57; 0.33672; -0.377023; 1.28222; 55.4087; -164.272; 12.5
8; 14; 60; 0.330927; -0.378703; 1.23521; 58.9126; -160.962; 9.01239
8; 15; 49; 0.337014; -0.380125; 1.25228; 56.5102; -161.736; 10.8275
8; 16; 63; 0.332915; -0.376665; 1.22789; 57.3621; -160.935; 10.3435
8; 17; 59; 0.322269; -0.397229; 1.16506; 49.8831; -158.456; 9.87084
8; 18; 54; 0.33423; -0.379756; 1.23695; 57.3852; -160.581; 9.84344
8; 19; 60; 0.344636; -0.372215; 1.21935; 57.2506; -158.299; 11.502
8; 20; 54; 0.334479; -0.377137; 1.23223; 56.9108; -161.162; 10.6094
8; Median: 58; 0.332915; -0.378703; 1.23695; 9.87084; -160.581; 57.2506
8; Mean: 56.9; 0.291279; -0.34648; 1.27142; 15.2993; -114.088; 50.8416
8; Range: 16; 0.541215; 0.277816; 0.33723; 115.157; 335.822; 266.844
8; Stdev: 4.43734; 0.119582; 0.0863254; 0.0952877; 24.1882; 112.948; 50.1126
9; 1; 40; 0.334751; -0.44875; 1.25221; 45.3602; -163.206; 12.4251
9; 2; 48; 0.353494; -0.411785; 1.27304; 54.7033; -157.845; 13.9974
9; 3; 43; 0.339017; -0.427424; 1.32966; 57.327; -162.511; 10.8295
9; 4; 37; 0.335702; -0.446922; 1.32067; 54.6378; -158.257; 9.09322
9; 5; 44; 0.0212452; -0.54479; 1.37949; -159.648; 51.9811; 117.565
9; 6; 43; -0.0642729; -0.417255; 1.5616; 179.094; 81.0797; 97.5011
9; 7; 49; 0.343034; -0.435478; 1.32065; 57.5996; -157.741; 9.31853
9; 8; 37; 0.310874; -0.448808; 1.32709; 55.5691; -169.248; 7.37411
9; 9; 43; 0.149453; -0.240066; 1.59619; 107.281; 163.598; 3.86439
9; 10; 43; 0.336359; -0.432539; 1.30378; 57.2987; -159.286; 9.51394
9; 11; 37; 0.132612; -0.230301; 1.61103; 109.425; 160.747; 4.30968
9; 12; 39; 0.318405; -0.448234; 1.32285; 53.8939; -168.878; 8.67767
9; 13; 46; 0.339402; -0.440979; 1.32253; 55.6201; -159.525; 9.5665
9; 14; 39; 0.342734; -0.436271; 1.32173; 57.3321; -156.506; 9.6001
9; 15; 31; 0.352947; -0.367752; 1.34447; 80.0498; -155.724; 4.45483
9; 16; 39; 0.341453; -0.432824; 1.33028; 59.5617; -162.337; 9.48537
9; 17; 43; 0.340442; -0.438164; 1.30194; 54.8768; -158.597; 10.2439
9; 18; 33; 0.338549; -0.43238; 1.31521; 53.9335; -161.805; 11.6872
9; 19; 38; 0.339739; -0.425872; 1.30864; 59.2593; -161.981; 9.68523
9; 20; 41; 0.350276; -0.421968; 1.3148; 54.0897; -161.259; 13.6125
9; Median: 41; 0.339017; -0.432539; 1.32253; 9.6001; -158.597; 57.2987
9; Mean: 40.65; 0.282811; -0.416428; 1.35789; 19.1403; -105.865; 57.3632
9; Range: 18; 0.417767; 0.314489; 0.358823; 113.7; 332.846; 338.743
9; Stdev: 4.46402; 0.11849; 0.0676407; 0.10065; 29.7539; 112.312; 58.2423
10; 1; 33; 0.337927; -0.418379; 1.40308; 75.5544; -154.55; 6.18589
10; 2; 30; 0.243495; -0.276826; 1.68096; 106.04; 178.626; 9.8175
10; 3; 27; 0.0383351; -0.586125; 1.43308; -147.304; 46.5544; 125.133
10; 4; 21; 0.322666; -0.461657; 1.35904; 59.5847; -160.712; 9.90019
10; 5; 38; 0.321931; -0.472773; 1.34563; 52.8044; -162.506; 11.9824
10; 6; 34; 0.304434; -0.499736; 1.30853; 40.5079; -169.206; 11.6243
10; 7; 36; 0.307045; -0.50243; 1.31355; 39.5778; -168.555; 12.0481
10; 8; 31; 0.335796; -0.46669; 1.33045; 52.5051; -158.351; 13.6709
10; 9; 38; 0.320455; -0.478221; 1.32703; 50.0911; -160.132; 11.9631
10; 10; 26; 0.332862; -0.476152; 1.4054; 53.953; -157.669; 13.0244
10; 11; 38; 0.33342; -0.461309; 1.34714; 58.0086; -155.726; 10.9442
10; 12; 31; 0.329749; -0.4717; 1.31818; 50.1506; -157.747; 13.4839
10; 13; 35; 0.319215; -0.483857; 1.34241; 50.2949; -160.396; 11.6356
10; 14; 27; 0.323038; -0.464393; 1.38755; 58.8989; -161.898; 10.4012
10; 15; 34; 0.327523; -0.463844; 1.3609; 58.87; -156.854; 10.0908
10; 16; 29; 0.299885; -0.497492; 1.24996; 36.702; -157.14; 12.7682
10; 17; 27; 0.327258; -0.468114; 1.35018; 55.0557; -160.455; 11.8967
10; 18; 42; 0.328622; -0.471225; 1.36925; 56.4784; -156.709; 10.2984
10; 19; 30; 0.0093866; -0.583465; 1.49033; -160.148; 53.5421; 117.975
10; 20; 28; 0.331833; -0.443296; 1.44587; 72.8797; -153.725; 3.30877
10; Median: 31; 0.323038; -0.471225; 1.35904; 11.8967; -157.669; 53.953
10; Mean: 31.75; 0.289744; -0.472384; 1.37843; 21.9077; -121.68; 36.0253
10; Range: 21; 0.328541; 0.309299; 0.430998; 121.825; 347.832; 266.187
10; Stdev: 5.0386; 0.0909755; 0.0592325; 0.0872032; 33.3184; 93.2369; 64.9187
11; 1; 23; 0.288589; -0.551807; 1.63886; 65.8568; -158.996; 8.51089
11; 2; 27; -0.251344; -0.498442; 1.57181; 119.636; 70.2016; 30.8035
11; 3; 19; 0.279132; -0.548476; 1.50414; 56.021; -168.351; 10.0348
11; 4; 24; -0.320245; -0.460196; 1.31774; 108.139; 57.3502; 19.0189
11; 5; 15; 0; 0; 0; 0; -0; 0
11; 6; 23; 0.283105; -0.549633; 1.53813; 60.1202; -162.999; 8.62548
11; 7; 20; 0.300564; -0.527001; 1.48558; 61.4688; -157.494; 10.1739
11; 8; 28; 0.245964; -0.57398; 1.54856; 54.797; -175.753; 6.81684
11; 9; 18; 0; 0; 0; 0; -0; 0
11; 10; 28; 0.296946; -0.528899; 1.47771; 60.2133; -158.925; 10.5237
11; 11; 21; 0.297057; -0.546214; 1.4969; 55.8169; -159.712; 11.4052
11; 12; 21; 0.367766; -0.367831; 1.42562; 80.4433; -145.819; 21.3721
11; 13; 25; -0.0256411; -0.451882; 1.95459; 98.0945; 145.242; 3.34902
11; 14; 25; 0.297737; -0.544768; 1.54256; 62.1822; -156.561; 8.40036
11; 15; 24; -0.323166; -0.451773; 1.45553; 107.182; 60.7026; 14.2515
11; 16; 27; 0.3132; -0.479342; 1.463; 75.3623; -154.124; 6.58177
11; 17; 20; 0.389686; -0.285185; 0.827948; 83.4567; -143.01; 15.8026
11; 18; 21; 0.28803; -0.47677; 1.70519; 79.2472; -164.07; 11.0996
11; 19; 32; 0; 0; 0; 0; -0; 0
11; 20; 28; 0.310793; -0.533986; 1.48223; 57.4144; -155.391; 12.523
11; Median: 24; 0.28803; -0.479342; 1.48558; 10.1739; -154.124; 62.1822
11; Mean: 23.45; 0.151909; -0.418809; 1.2718; 10.4647; -86.3854; 64.2726
11; Range: 17; 0.712853; 0.57398; 1.95459; 30.8035; 320.995; 119.636
11; Stdev: 4.05555; 0.22708; 0.188255; 0.569304; 7.32616; 102.821; 32.9158
12; 1; 17; 0.352503; -0.602952; 1.53723; 51.5308; -160.576; 12.548
12; 2; 16; 0.369427; -0.581519; 1.50953; 41.453; -161.433; 20.3259
12; 3; 14; 0; 0; 0; 0; -0; 0
12; 4; 13; 0.3541; -0.601267; 1.50537; 45.4559; -162.153; 15.1608
12; 5; 17; 0.335558; -0.619848; 1.69609; 57.6315; -170.045; 10.6952
12; 6; 17; 0.354001; -0.609912; 1.53087; 46.2639; -159.708; 14.7705
12; 7; 20; 0.346679; -0.607283; 1.57464; 54.4236; -162.393; 11.1095
12; 8; 21; 0.386457; -0.479454; 1.41665; 83.7207; -145.304; 4.62046
12; 9; 22; 0.123523; -0.463635; 1.89452; 100.584; 157.677; 1.55576
12; 10; 21; 0.390878; -0.541346; 1.46921; 66.3614; -139.264; 11.9403
12; 11; 21; 0.365683; -0.593133; 1.74458; 73.0892; -155.197; 7.4527
12; 12; 18; 0.325613; -0.598121; 1.49415; 47.7638; -178.509; 11.065
12; 13; 18; 0.39221; -0.564057; 1.57515; 60.105; -143.008; 17.4755
12; 14; 23; 0.363287; -0.590892; 1.60006; 58.5415; -158.451; 12.7396
12; 15; 20; 0.366817; -0.521868; 1.1962; 44.2698; -147.963; 22.06
12; 16; 16; 0.383387; -0.545361; 1.46745; 72.958; -137.317; 8.24447
12; 17; 22; 0.395134; -0.438925; 1.25302; -22.9804; 153; 13.4875
12; 18; 21; 0.366197; -0.556002; 1.5954; 71.9577; -154.971; 7.71213
12; 19; 16; 0.389114; -0.507263; 1.41727; 72.245; -143.152; 10.5922
12; 20; 16; 0.361333; -0.511821; 1.37579; 73.0221; -152.628; 6.50987
12; Median: 18; 0.365683; -0.556002; 1.50953; 11.1095; -152.628; 58.5415
12; Mean: 18.45; 0.336095; -0.526733; 1.44266; 11.0033; -116.07; 54.9198
12; Range: 10; 0.395134; 0.619848; 1.89452; 22.06; 336.187; 123.564
12; Stdev: 2.80134; 0.0953193; 0.131316; 0.364383; 5.4661; 97.0387; 26.7146
13; 1; 17; 0.371711; -0.600337; 1.85521; 74.2054; -155.289; 14.0655
13; 2; 16; 0.330167; -0.671522; 1.64994; 50.174; -160.859; 11.5672
13; 3; 16; 0.319504; -0.435199; 1.94108; 104.201; -166.566; 15.7731
13; 4; 17; 0.268631; -0.395336; 1.97801; 117.698; -176.047; 7.78653
13; 5; 20; -0.0615453; -0.421335; 0.170998; -129.501; -111.784; 162.611
13; 6; 23; -0.0498836; -0.545264; 1.99854; -84.722; 43.6587; 174.833
13; 7; 13; 0; 0; 0; 0; -0; 0
13; 8; 15; 0.337668; -0.657224; 1.57399; 39.0422; -165.208; 16.2723
13; 9; 19; 0; 0; 0; 0; -0; 0
13; 10; 25; 0.372471; -0.539866; 1.4797; 70.8182; -141.968; 13.2779
13; 11; 19; 0.359369; -0.665429; 1.78662; 51.204; -157.735; 18.2323
13; 12; 14; 0.333412; -0.664504; 1.65193; 44.5036; -167.868; 15.012
13; 13; 19; -0.281602; -0.634288; 1.62282; 113.229; 51.8705; 27.5497
13; 14; 13; 0.302941; -0.399622; 1.56333; -72.5799; -11.8585; 179.43
13; 15; 23; 0.350832; -0.630355; 1.68608; 60.8838; -157.113; 13.0287
13; 16; 17; 0; 0; 0; 0; -0; 0
13; 17; 15; 0.0712655; -0.50069; 1.99989; 103.756; 152.977; 0.565369
13; 18; 18; 0.345517; -0.640614; 1.64763; 61.9539; -153.612; 9.52882
13; 19; 19; 0; 0; 0; 0; -0; 0
13; 20; 21; 0.249976; -0.617634; 1.95783; 81.2644; 177.53; 5.30375
13; Median: 18; 0.302941; -0.539866; 1.64994; 13.2779; -111.784; 51.204
13; Mean: 17.95; 0.181022; -0.450961; 1.32818; 34.2418; -64.9936; 34.3065
13; Range: 12; 0.654073; 0.671522; 1.99989; 179.43; 353.577; 247.199
13; Stdev: 3.24769; 0.193196; 0.242305; 0.762961; 58.4986; 110.722; 66.064
14; 1; 15; 0.202172; 0.174886; 0.949396; 90.4046; 172.086; 88.403
14; 2; 12; 0; 0; 0; 0; -0; 0
14; 3; 11; 0; 0; 0; 0; -0; 0
14; 4; 16; 0.397311; -0.629855; 1.781; 71.7059; -145.529; 13.2195
14; 5; 17; 0.396575; -0.629236; 1.80792; 72.4878; -143.43; 14.7119
14; 6; 11; 0.431485; -0.477568; 1.54188; 81.3712; -134.545; 20.6563
14; 7; 15; -0.0279512; -0.603841; 2.07266; -87.3073; 45.6472; 177.051
14; 8; 11; 0.208915; -0.112105; 0.336303; 81.1093; 166.196; 82.5533
14; 9; 16; 0.377579; -0.595404; 1.46394; 70.2227; -138.033; 9.03312
14; 10; 12; 0.350315; -0.654519; 1.53038; 51.4419; -148.429; 13.9742
14; 11; 13; 0; 0; 0; 0; -0; 0
14; 12; 16; 0.0567438; -0.632998; 1.9741; -96.425; 31.2714; 173.254
14; 13; 21; 0.0381123; -0.661434; 2.00979; -100.264; 36.7181; 176.189
14; 14; 10; -0.00212921; -0.556164; 1.95465; -84.7912; 37.9605; 175.111
14; 15; 12; 0.43078; -0.479839; 1.53807; 80.701; -134.745; 20.7476
14; 16; 13; 0; 0; 0; 0; -0; 0
14; 17; 14; 0; 0; 0; 0; -0; 0
14; 18; 13; 0; 0; 0; 0; -0; 0
14; 19; 16; 0.314552; -0.709201; 1.76005; 54.5482; -171.866; 8.37486
14; 20; 11; 0; 0; 0; 0; -0; 0
14; Median: 13; 0.0567438; -0.477568; 1.53038; 13.9742; -0; 0
14; Mean: 13.75; 0.158723; -0.328364; 1.03601; 48.6639; -26.335; 14.2603
14; Range: 11; 0.459436; 0.884087; 2.07266; 177.051; 343.952; 190.669
14; Stdev: 2.66224; 0.178497; 0.3111; 0.847575; 67.7983; 99.4604; 62.8214
15; 1; 12; 0; 0; 0; 0; -0; 0
15; 2; 14; -0.293044; -0.665572; 1.83363; 103.553; 61.8673; 17.1972
15; 3; 12; 0; 0; 0; 0; -0; 0
15; 4; 14; 0; 0; 0; 0; -0; 0
15; 5; 11; 0; 0; 0; 0; -0; 0
15; 6; 15; 0.270244; -0.725611; 1.51177; 35.9283; -162.785; 10.6242
15; 7; 10; 0; 0; 0; 0; -0; 0
15; 8; 10; 0.688336; -1.13753; 4.24871; 109.404; -150.573; 8.55287
15; 9; 11; 0; 0; 0; 0; -0; 0
15; 10; 10; 0; 0; 0; 0; -0; 0
15; 11; 13; 0; 0; 0; 0; -0; 0
15; 12; 15; 0.255604; -0.776137; 1.90082; 55.0613; -175.597; 6.79647
15; 13; 7; 0; 0; 0; 0; -0; 0
15; 14; 7; 0; 0; 0; 0; -0; 0
15; 15; 9; 0; 0; 0; 0; -0; 0
15; 16; 13; 0; 0; 0; 0; -0; 0
15; 17; 11; -0.336025; -0.618164; 1.85533; 105.363; 59.3192; 7.70481
15; 18; 12; 0; 0; 0; 0; -0; 0
15; 19; 13; 0; 0; 0; 0; -0; 0
15; 20; 17; 0.26336; -0.754257; 1.7141; 45.4094; -172.204; 8.57266
15; Median: 12; 0; 0; 0; 0; -0; 0
15; Mean: 11.8; 0.0424238; -0.233864; 0.653218; 2.97241; -26.9987; 22.7359
15; Range: 10; 1.02436; 1.13753; 4.24871; 17.1972; 237.465; 109.404
15; Stdev: 2.5219; 0.205466; 0.368988; 1.12158; 4.91991; 71.5639; 38.6264
