Linear Detection Measurement - Goesser_35_63_
Pose p; Framenumber n; number of detected matches; targetpose px[m]; py[m]; pz[m]; rotx[°]; roty[°]; rotz[°]
Pose p; calculate Median
Pose p; calculate Mittelwert
Pose p; calculate Spannweite
Pose p; calculate Stdev
1; 1; 143; 0.289948; -0.181491; 0.815578; 47.9075; -162.343; 15.7296
1; 2; 135; 0.290434; -0.18214; 0.811188; 47.6634; -161.976; 15.743
1; 3; 134; 0.291328; -0.179058; 0.825105; 48.5422; -162.275; 15.7495
1; 4; 128; 0.290536; -0.18185; 0.807172; 47.7059; -161.543; 15.7718
1; 5; 133; 0.29056; -0.181651; 0.811284; 47.665; -162.142; 15.8463
1; 6; 128; 0.29132; -0.181215; 0.809912; 47.6874; -161.99; 15.871
1; 7; 138; 0.291143; -0.180911; 0.812521; 48.1125; -161.639; 15.7398
1; 8; 141; 0.296559; -0.173481; 0.808543; 48.0644; -160.707; 16.9261
1; 9; 144; 0.29038; -0.182001; 0.81262; 47.8408; -162.123; 15.6872
1; 10; 130; 0.289821; -0.182871; 0.812754; 47.6577; -162.212; 15.6574
1; 11; 122; 0.290888; -0.17867; 0.829607; 48.9013; -161.775; 15.6716
1; 12; 135; 0.294567; -0.176855; 0.81327; 48.2615; -161.157; 16.3634
1; 13; 117; 0.289835; -0.182651; 0.812607; 48.3193; -161.828; 15.4134
1; 14; 134; 0.290109; -0.181961; 0.813912; 47.9901; -161.939; 15.6383
1; 15; 134; 0.290209; -0.182192; 0.810409; 47.7606; -161.773; 15.7077
1; 16; 136; 0.290146; -0.182736; 0.811173; 48.0919; -161.807; 15.5124
1; 17; 124; 0.290286; -0.182136; 0.808003; 47.8069; -161.156; 15.7509
1; 18; 128; 0.292338; -0.179525; 0.811875; 48.1298; -161.377; 15.951
1; 19; 134; 0.291056; -0.181672; 0.809125; 47.6132; -162.025; 15.8424
1; 20; 132; 0.289933; -0.182866; 0.809546; 47.646; -162.187; 15.6382
1; Median: 134; 0.290536; -0.181672; 0.811875; 15.743; -161.828; 47.9075
1; Mean: 132.5; 0.29107; -0.180897; 0.81281; 15.8106; -161.799; 47.9684
1; Range: 27; 0.00673813; 0.00939039; 0.0224342; 1.51272; 1.63607; 1.28814
1; Stdev: 6.59166; 0.00164812; 0.00229601; 0.0053036; 0.314268; 0.418055; 0.333858
2; 1; 134; 0.289948; -0.181491; 0.815578; 47.9075; -162.343; 15.7296
2; 2; 149; 0.290434; -0.18214; 0.811188; 47.6634; -161.976; 15.743
2; 3; 145; 0.291328; -0.179058; 0.825105; 48.5422; -162.275; 15.7495
2; 4; 137; 0.290536; -0.18185; 0.807172; 47.7059; -161.543; 15.7718
2; 5; 148; 0.29056; -0.181651; 0.811284; 47.665; -162.142; 15.8463
2; 6; 150; 0.29132; -0.181215; 0.809912; 47.6874; -161.99; 15.871
2; 7; 143; 0.291143; -0.180911; 0.812521; 48.1125; -161.639; 15.7398
2; 8; 141; 0.296559; -0.173481; 0.808543; 48.0644; -160.707; 16.9261
2; 9; 150; 0.29038; -0.182001; 0.81262; 47.8408; -162.123; 15.6872
2; 10; 148; 0.289821; -0.182871; 0.812754; 47.6577; -162.212; 15.6574
2; 11; 150; 0.290888; -0.17867; 0.829607; 48.9013; -161.775; 15.6716
2; 12; 149; 0.294567; -0.176855; 0.81327; 48.2615; -161.157; 16.3634
2; 13; 155; 0.289835; -0.182651; 0.812607; 48.3193; -161.828; 15.4134
2; 14; 139; 0.290109; -0.181961; 0.813912; 47.9901; -161.939; 15.6383
2; 15; 143; 0.290209; -0.182192; 0.810409; 47.7606; -161.773; 15.7077
2; 16; 142; 0.290146; -0.182736; 0.811173; 48.0919; -161.807; 15.5124
2; 17; 140; 0.290286; -0.182136; 0.808003; 47.8069; -161.156; 15.7509
2; 18; 149; 0.292338; -0.179525; 0.811875; 48.1298; -161.377; 15.951
2; 19; 143; 0.291056; -0.181672; 0.809125; 47.6132; -162.025; 15.8424
2; 20; 151; 0.289933; -0.182866; 0.809546; 47.646; -162.187; 15.6382
2; Median: 148; 0.289821; -0.182871; 0.829099; 15.6382; -162.212; 48.0644
2; Mean: 145.3; 0.276151; -0.193352; 0.826485; 15.3504; -162.307; 48.007
2; Range: 21; 0.0376744; 0.0355193; 0.0413966; 2.34533; 3.08101; 1.72503
2; Stdev: 5.28299; 0.0150873; 0.0127835; 0.0147518; 0.644628; 0.75049; 0.30355
3; 1; 88; 0.289948; -0.181491; 0.815578; 47.9075; -162.343; 15.7296
3; 2; 73; 0.290434; -0.18214; 0.811188; 47.6634; -161.976; 15.743
3; 3; 77; 0.291328; -0.179058; 0.825105; 48.5422; -162.275; 15.7495
3; 4; 77; 0.290536; -0.18185; 0.807172; 47.7059; -161.543; 15.7718
3; 5; 82; 0.29056; -0.181651; 0.811284; 47.665; -162.142; 15.8463
3; 6; 94; 0.29132; -0.181215; 0.809912; 47.6874; -161.99; 15.871
3; 7; 80; 0.291143; -0.180911; 0.812521; 48.1125; -161.639; 15.7398
3; 8; 81; 0.296559; -0.173481; 0.808543; 48.0644; -160.707; 16.9261
3; 9; 86; 0.29038; -0.182001; 0.81262; 47.8408; -162.123; 15.6872
3; 10; 99; 0.289821; -0.182871; 0.812754; 47.6577; -162.212; 15.6574
3; 11; 76; 0.290888; -0.17867; 0.829607; 48.9013; -161.775; 15.6716
3; 12; 64; 0.294567; -0.176855; 0.81327; 48.2615; -161.157; 16.3634
3; 13; 84; 0.289835; -0.182651; 0.812607; 48.3193; -161.828; 15.4134
3; 14; 85; 0.290109; -0.181961; 0.813912; 47.9901; -161.939; 15.6383
3; 15; 67; 0.290209; -0.182192; 0.810409; 47.7606; -161.773; 15.7077
3; 16; 74; 0.290146; -0.182736; 0.811173; 48.0919; -161.807; 15.5124
3; 17; 70; 0.290286; -0.182136; 0.808003; 47.8069; -161.156; 15.7509
3; 18; 70; 0.292338; -0.179525; 0.811875; 48.1298; -161.377; 15.951
3; 19; 84; 0.291056; -0.181672; 0.809125; 47.6132; -162.025; 15.8424
3; 20; 75; 0.289933; -0.182866; 0.809546; 47.646; -162.187; 15.6382
3; Median: 80; 0.282609; -0.206754; 0.841269; 14.8789; -162.459; 48.1236
3; Mean: 79.3; 0.262546; -0.219601; 0.879982; 17.2295; -153.548; 46.0286
3; Range: 35; 0.655297; 0.338632; 0.731209; 118.609; 303.179; 257.29
3; Stdev: 8.59709; 0.0957518; 0.0625777; 0.12491; 14.4446; 48.0561; 28.9488
4; 1; 66; 0.289948; -0.181491; 0.815578; 47.9075; -162.343; 15.7296
4; 2; 69; 0.290434; -0.18214; 0.811188; 47.6634; -161.976; 15.743
4; 3; 66; 0.291328; -0.179058; 0.825105; 48.5422; -162.275; 15.7495
4; 4; 69; 0.290536; -0.18185; 0.807172; 47.7059; -161.543; 15.7718
4; 5; 74; 0.29056; -0.181651; 0.811284; 47.665; -162.142; 15.8463
4; 6; 59; 0.29132; -0.181215; 0.809912; 47.6874; -161.99; 15.871
4; 7; 58; 0.291143; -0.180911; 0.812521; 48.1125; -161.639; 15.7398
4; 8; 70; 0.296559; -0.173481; 0.808543; 48.0644; -160.707; 16.9261
4; 9; 63; 0.29038; -0.182001; 0.81262; 47.8408; -162.123; 15.6872
4; 10; 71; 0.289821; -0.182871; 0.812754; 47.6577; -162.212; 15.6574
4; 11; 75; 0.290888; -0.17867; 0.829607; 48.9013; -161.775; 15.6716
4; 12; 57; 0.294567; -0.176855; 0.81327; 48.2615; -161.157; 16.3634
4; 13; 71; 0.289835; -0.182651; 0.812607; 48.3193; -161.828; 15.4134
4; 14; 50; 0.290109; -0.181961; 0.813912; 47.9901; -161.939; 15.6383
4; 15; 70; 0.290209; -0.182192; 0.810409; 47.7606; -161.773; 15.7077
4; 16; 57; 0.290146; -0.182736; 0.811173; 48.0919; -161.807; 15.5124
4; 17; 64; 0.290286; -0.182136; 0.808003; 47.8069; -161.156; 15.7509
4; 18; 59; 0.292338; -0.179525; 0.811875; 48.1298; -161.377; 15.951
4; 19; 65; 0.291056; -0.181672; 0.809125; 47.6132; -162.025; 15.8424
4; 20; 83; 0.289933; -0.182866; 0.809546; 47.646; -162.187; 15.6382
4; Median: 66; 0.268848; -0.207041; 0.844388; 14.6963; -162.761; 48.1236
4; Mean: 65.8; 0.251564; -0.259043; 0.93421; 17.2779; -145.746; 45.2065
4; Range: 33; 0.655297; 0.552644; 0.745763; 120.483; 350.554; 272.574
4; Stdev: 7.50733; 0.0970161; 0.0926779; 0.149712; 16.8021; 67.8587; 35.5754
5; 1; 43; 0.289948; -0.181491; 0.815578; 47.9075; -162.343; 15.7296
5; 2; 35; 0.290434; -0.18214; 0.811188; 47.6634; -161.976; 15.743
5; 3; 44; 0.291328; -0.179058; 0.825105; 48.5422; -162.275; 15.7495
5; 4; 37; 0.290536; -0.18185; 0.807172; 47.7059; -161.543; 15.7718
5; 5; 44; 0.29056; -0.181651; 0.811284; 47.665; -162.142; 15.8463
5; 6; 42; 0.29132; -0.181215; 0.809912; 47.6874; -161.99; 15.871
5; 7; 37; 0.291143; -0.180911; 0.812521; 48.1125; -161.639; 15.7398
5; 8; 42; 0.296559; -0.173481; 0.808543; 48.0644; -160.707; 16.9261
5; 9; 43; 0.29038; -0.182001; 0.81262; 47.8408; -162.123; 15.6872
5; 10; 34; 0.289821; -0.182871; 0.812754; 47.6577; -162.212; 15.6574
5; 11; 40; 0.290888; -0.17867; 0.829607; 48.9013; -161.775; 15.6716
5; 12; 45; 0.294567; -0.176855; 0.81327; 48.2615; -161.157; 16.3634
5; 13; 36; 0.289835; -0.182651; 0.812607; 48.3193; -161.828; 15.4134
5; 14; 38; 0.290109; -0.181961; 0.813912; 47.9901; -161.939; 15.6383
5; 15; 43; 0.290209; -0.182192; 0.810409; 47.7606; -161.773; 15.7077
5; 16; 35; 0.290146; -0.182736; 0.811173; 48.0919; -161.807; 15.5124
5; 17; 44; 0.290286; -0.182136; 0.808003; 47.8069; -161.156; 15.7509
5; 18; 45; 0.292338; -0.179525; 0.811875; 48.1298; -161.377; 15.951
5; 19; 40; 0.291056; -0.181672; 0.809125; 47.6132; -162.025; 15.8424
5; 20; 48; 0.289933; -0.182866; 0.809546; 47.646; -162.187; 15.6382
5; Median: 42; 0.260161; -0.209; 0.988651; 14.6406; -162.686; 48.1125
5; Mean: 40.75; 0.21193; -0.274776; 0.990037; 19.6405; -127.917; 44.7359
5; Range: 14; 0.843273; 0.617737; 0.961334; 123.922; 350.554; 293.323
5; Stdev: 3.93542; 0.159271; 0.122427; 0.189847; 23.9663; 95.8916; 41.7785
6; 1; 31; 0.289948; -0.181491; 0.815578; 47.9075; -162.343; 15.7296
6; 2; 23; 0.290434; -0.18214; 0.811188; 47.6634; -161.976; 15.743
6; 3; 21; 0.291328; -0.179058; 0.825105; 48.5422; -162.275; 15.7495
6; 4; 23; 0.290536; -0.18185; 0.807172; 47.7059; -161.543; 15.7718
6; 5; 31; 0.29056; -0.181651; 0.811284; 47.665; -162.142; 15.8463
6; 6; 30; 0.29132; -0.181215; 0.809912; 47.6874; -161.99; 15.871
6; 7; 32; 0.291143; -0.180911; 0.812521; 48.1125; -161.639; 15.7398
6; 8; 26; 0.296559; -0.173481; 0.808543; 48.0644; -160.707; 16.9261
6; 9; 33; 0.29038; -0.182001; 0.81262; 47.8408; -162.123; 15.6872
6; 10; 26; 0.289821; -0.182871; 0.812754; 47.6577; -162.212; 15.6574
6; 11; 21; 0.290888; -0.17867; 0.829607; 48.9013; -161.775; 15.6716
6; 12; 29; 0.294567; -0.176855; 0.81327; 48.2615; -161.157; 16.3634
6; 13; 26; 0.289835; -0.182651; 0.812607; 48.3193; -161.828; 15.4134
6; 14; 26; 0.290109; -0.181961; 0.813912; 47.9901; -161.939; 15.6383
6; 15; 25; 0.290209; -0.182192; 0.810409; 47.7606; -161.773; 15.7077
6; 16; 32; 0.290146; -0.182736; 0.811173; 48.0919; -161.807; 15.5124
6; 17; 29; 0.290286; -0.182136; 0.808003; 47.8069; -161.156; 15.7509
6; 18; 27; 0.292338; -0.179525; 0.811875; 48.1298; -161.377; 15.951
6; 19; 33; 0.291056; -0.181672; 0.809125; 47.6132; -162.025; 15.8424
6; 20; 20; 0.289933; -0.182866; 0.809546; 47.646; -162.187; 15.6382
6; Median: 27; 0.25963; -0.312101; 1.03848; 14.6475; -162.343; 48.0939
6; Mean: 27.2; 0.204872; -0.315723; 1.03851; 26.7928; -122.434; 38.6115
6; Range: 13; 0.843273; 0.721338; 1.03705; 176.832; 350.554; 293.323
6; Stdev: 4.0694; 0.159231; 0.146321; 0.213744; 40.8055; 96.744; 51.1669
7; 1; 19; 0.289948; -0.181491; 0.815578; 47.9075; -162.343; 15.7296
7; 2; 24; 0.290434; -0.18214; 0.811188; 47.6634; -161.976; 15.743
7; 3; 17; 0.291328; -0.179058; 0.825105; 48.5422; -162.275; 15.7495
7; 4; 14; 0.290536; -0.18185; 0.807172; 47.7059; -161.543; 15.7718
7; 5; 20; 0.29056; -0.181651; 0.811284; 47.665; -162.142; 15.8463
7; 6; 15; 0.29132; -0.181215; 0.809912; 47.6874; -161.99; 15.871
7; 7; 19; 0.291143; -0.180911; 0.812521; 48.1125; -161.639; 15.7398
7; 8; 18; 0.296559; -0.173481; 0.808543; 48.0644; -160.707; 16.9261
7; 9; 25; 0.29038; -0.182001; 0.81262; 47.8408; -162.123; 15.6872
7; 10; 19; 0.289821; -0.182871; 0.812754; 47.6577; -162.212; 15.6574
7; 11; 19; 0.290888; -0.17867; 0.829607; 48.9013; -161.775; 15.6716
7; 12; 22; 0.294567; -0.176855; 0.81327; 48.2615; -161.157; 16.3634
7; 13; 17; 0.289835; -0.182651; 0.812607; 48.3193; -161.828; 15.4134
7; 14; 21; 0.290109; -0.181961; 0.813912; 47.9901; -161.939; 15.6383
7; 15; 24; 0.290209; -0.182192; 0.810409; 47.7606; -161.773; 15.7077
7; 16; 22; 0.290146; -0.182736; 0.811173; 48.0919; -161.807; 15.5124
7; 17; 17; 0.290286; -0.182136; 0.808003; 47.8069; -161.156; 15.7509
7; 18; 18; 0.292338; -0.179525; 0.811875; 48.1298; -161.377; 15.951
7; 19; 16; 0.291056; -0.181672; 0.809125; 47.6132; -162.025; 15.8424
7; 20; 27; 0.289933; -0.182866; 0.809546; 47.646; -162.187; 15.6382
7; Median: 19; 0.253177; -0.34385; 1.07875; 14.4819; -161.99; 48.2416
7; Mean: 19.65; 0.172195; -0.345261; 1.1254; 23.6656; -88.5284; 45.375
7; Range: 13; 0.843273; 0.721338; 1.03705; 176.832; 350.554; 293.323
7; Stdev: 3.38046; 0.172056; 0.154174; 0.291158; 38.5528; 127.12; 50.2278
8; 1; 19; 0.289948; -0.181491; 0.815578; 47.9075; -162.343; 15.7296
8; 2; 12; 0.290434; -0.18214; 0.811188; 47.6634; -161.976; 15.743
8; 3; 17; 0.291328; -0.179058; 0.825105; 48.5422; -162.275; 15.7495
8; 4; 11; 0.290536; -0.18185; 0.807172; 47.7059; -161.543; 15.7718
8; 5; 18; 0.29056; -0.181651; 0.811284; 47.665; -162.142; 15.8463
8; 6; 16; 0.29132; -0.181215; 0.809912; 47.6874; -161.99; 15.871
8; 7; 19; 0.291143; -0.180911; 0.812521; 48.1125; -161.639; 15.7398
8; 8; 13; 0.296559; -0.173481; 0.808543; 48.0644; -160.707; 16.9261
8; 9; 15; 0.29038; -0.182001; 0.81262; 47.8408; -162.123; 15.6872
8; 10; 11; 0.289821; -0.182871; 0.812754; 47.6577; -162.212; 15.6574
8; 11; 14; 0.290888; -0.17867; 0.829607; 48.9013; -161.775; 15.6716
8; 12; 14; 0.294567; -0.176855; 0.81327; 48.2615; -161.157; 16.3634
8; 13; 12; 0.289835; -0.182651; 0.812607; 48.3193; -161.828; 15.4134
8; 14; 19; 0.290109; -0.181961; 0.813912; 47.9901; -161.939; 15.6383
8; 15; 15; 0.290209; -0.182192; 0.810409; 47.7606; -161.773; 15.7077
8; 16; 15; 0.290146; -0.182736; 0.811173; 48.0919; -161.807; 15.5124
8; 17; 16; 0.290286; -0.182136; 0.808003; 47.8069; -161.156; 15.7509
8; 18; 19; 0.292338; -0.179525; 0.811875; 48.1298; -161.377; 15.951
8; 19; 16; 0.291056; -0.181672; 0.809125; 47.6132; -162.025; 15.8424
8; 20; 9; 0.289933; -0.182866; 0.809546; 47.646; -162.187; 15.6382
8; Median: 15; 0.245113; -0.38623; 1.1385; 13.6497; -161.639; 48.6279
8; Mean: 15; 0.165413; -0.374924; 1.22765; 21.6831; -62.9806; 52.8643
8; Range: 10; 0.843273; 0.721338; 1.39524; 176.832; 350.554; 293.323
8; Stdev: 2.93258; 0.163717; 0.164339; 0.389331; 36.4438; 142.978; 51.2681
9; 1; 4; 0.289948; -0.181491; 0.815578; 47.9075; -162.343; 15.7296
9; 2; 10; 0.290434; -0.18214; 0.811188; 47.6634; -161.976; 15.743
9; 3; 6; 0.291328; -0.179058; 0.825105; 48.5422; -162.275; 15.7495
9; 4; 6; 0.290536; -0.18185; 0.807172; 47.7059; -161.543; 15.7718
9; 5; 9; 0.29056; -0.181651; 0.811284; 47.665; -162.142; 15.8463
9; 6; 8; 0.29132; -0.181215; 0.809912; 47.6874; -161.99; 15.871
9; 7; 12; 0.291143; -0.180911; 0.812521; 48.1125; -161.639; 15.7398
9; 8; 11; 0.296559; -0.173481; 0.808543; 48.0644; -160.707; 16.9261
9; 9; 9; 0.29038; -0.182001; 0.81262; 47.8408; -162.123; 15.6872
9; 10; 9; 0.289821; -0.182871; 0.812754; 47.6577; -162.212; 15.6574
9; 11; 9; 0.290888; -0.17867; 0.829607; 48.9013; -161.775; 15.6716
9; 12; 11; 0.294567; -0.176855; 0.81327; 48.2615; -161.157; 16.3634
9; 13; 9; 0.289835; -0.182651; 0.812607; 48.3193; -161.828; 15.4134
9; 14; 15; 0.290109; -0.181961; 0.813912; 47.9901; -161.939; 15.6383
9; 15; 12; 0.290209; -0.182192; 0.810409; 47.7606; -161.773; 15.7077
9; 16; 9; 0.290146; -0.182736; 0.811173; 48.0919; -161.807; 15.5124
9; 17; 7; 0.290286; -0.182136; 0.808003; 47.8069; -161.156; 15.7509
9; 18; 14; 0.292338; -0.179525; 0.811875; 48.1298; -161.377; 15.951
9; 19; 7; 0.291056; -0.181672; 0.809125; 47.6132; -162.025; 15.8424
9; 20; 10; 0.289933; -0.182866; 0.809546; 47.646; -162.187; 15.6382
9; Median: 9; 0.228759; -0.4423; 1.17155; 12.9684; -160.47; 49.5893
9; Mean: 9.35; 0.156963; -0.397066; 1.31575; 20.0969; -37.612; 59.3918
9; Range: 11; 0.843273; 0.721338; 1.39524; 176.832; 350.554; 293.323
9; Stdev: 2.63201; 0.156193; 0.167119; 0.443658; 34.6512; 152.708; 51.7421
10; 1; 5; 0.289948; -0.181491; 0.815578; 47.9075; -162.343; 15.7296
10; 2; 6; 0.290434; -0.18214; 0.811188; 47.6634; -161.976; 15.743
10; 3; 6; 0.291328; -0.179058; 0.825105; 48.5422; -162.275; 15.7495
10; 4; 8; 0.290536; -0.18185; 0.807172; 47.7059; -161.543; 15.7718
10; 5; 7; 0.29056; -0.181651; 0.811284; 47.665; -162.142; 15.8463
10; 6; 7; 0.29132; -0.181215; 0.809912; 47.6874; -161.99; 15.871
10; 7; 4; 0.291143; -0.180911; 0.812521; 48.1125; -161.639; 15.7398
10; 8; 5; 0.296559; -0.173481; 0.808543; 48.0644; -160.707; 16.9261
10; 9; 7; 0.29038; -0.182001; 0.81262; 47.8408; -162.123; 15.6872
10; 10; 7; 0.289821; -0.182871; 0.812754; 47.6577; -162.212; 15.6574
10; 11; 7; 0.290888; -0.17867; 0.829607; 48.9013; -161.775; 15.6716
10; 12; 2; 0.294567; -0.176855; 0.81327; 48.2615; -161.157; 16.3634
10; 13; 4; 0.289835; -0.182651; 0.812607; 48.3193; -161.828; 15.4134
10; 14; 2; 0.290109; -0.181961; 0.813912; 47.9901; -161.939; 15.6383
10; 15; 5; 0.290209; -0.182192; 0.810409; 47.7606; -161.773; 15.7077
10; 16; 5; 0.290146; -0.182736; 0.811173; 48.0919; -161.807; 15.5124
10; 17; 9; 0.290286; -0.182136; 0.808003; 47.8069; -161.156; 15.7509
10; 18; 2; 0.292338; -0.179525; 0.811875; 48.1298; -161.377; 15.951
10; 19; 4; 0.291056; -0.181672; 0.809125; 47.6132; -162.025; 15.8424
10; 20; 4; 0.289933; -0.182866; 0.809546; 47.646; -162.187; 15.6382
10; Median: 5; 0.220846; -0.461137; 1.22721; 12.586; -155.005; 56.3786
10; Mean: 5.3; 0.150203; -0.41478; 1.38623; 18.8279; -17.3172; 64.6138
10; Range: 7; 0.843273; 0.721338; 1.39524; 176.832; 350.554; 293.323
10; Stdev: 1.95192; 0.149559; 0.167212; 0.471019; 33.0928; 157.146; 51.5262
11; 1; 3; 0.289948; -0.181491; 0.815578; 47.9075; -162.343; 15.7296
11; 2; 10; 0.290434; -0.18214; 0.811188; 47.6634; -161.976; 15.743
11; 3; 6; 0.291328; -0.179058; 0.825105; 48.5422; -162.275; 15.7495
11; 4; 7; 0.290536; -0.18185; 0.807172; 47.7059; -161.543; 15.7718
11; 5; 7; 0.29056; -0.181651; 0.811284; 47.665; -162.142; 15.8463
11; 6; 7; 0.29132; -0.181215; 0.809912; 47.6874; -161.99; 15.871
11; 7; 4; 0.291143; -0.180911; 0.812521; 48.1125; -161.639; 15.7398
11; 8; 6; 0.296559; -0.173481; 0.808543; 48.0644; -160.707; 16.9261
11; 9; 5; 0.29038; -0.182001; 0.81262; 47.8408; -162.123; 15.6872
11; 10; 7; 0.289821; -0.182871; 0.812754; 47.6577; -162.212; 15.6574
11; 11; 9; 0.290888; -0.17867; 0.829607; 48.9013; -161.775; 15.6716
11; 12; 7; 0.294567; -0.176855; 0.81327; 48.2615; -161.157; 16.3634
11; 13; 5; 0.289835; -0.182651; 0.812607; 48.3193; -161.828; 15.4134
11; 14; 8; 0.290109; -0.181961; 0.813912; 47.9901; -161.939; 15.6383
11; 15; 5; 0.290209; -0.182192; 0.810409; 47.7606; -161.773; 15.7077
11; 16; 4; 0.290146; -0.182736; 0.811173; 48.0919; -161.807; 15.5124
11; 17; 8; 0.290286; -0.182136; 0.808003; 47.8069; -161.156; 15.7509
11; 18; 7; 0.292338; -0.179525; 0.811875; 48.1298; -161.377; 15.951
11; 19; 10; 0.291056; -0.181672; 0.809125; 47.6132; -162.025; 15.8424
11; 20; 12; 0.289933; -0.182866; 0.809546; 47.646; -162.187; 15.6382
11; Median: 7; 0.167649; -0.510548; 1.35654; 11.4088; 40.2687; 69.4588
11; Mean: 6.85; 0.144672; -0.429273; 1.4439; 17.7896; -0.712248; 68.8864
11; Range: 9; 0.843273; 0.721338; 1.39524; 176.832; 350.554; 293.323
11; Stdev: 2.19716; 0.143668; 0.165887; 0.484711; 31.7231; 158.767; 50.9523
12; 1; 11; 0.289948; -0.181491; 0.815578; 47.9075; -162.343; 15.7296
12; 2; 11; 0.290434; -0.18214; 0.811188; 47.6634; -161.976; 15.743
12; 3; 9; 0.291328; -0.179058; 0.825105; 48.5422; -162.275; 15.7495
12; 4; 11; 0.290536; -0.18185; 0.807172; 47.7059; -161.543; 15.7718
12; 5; 13; 0.29056; -0.181651; 0.811284; 47.665; -162.142; 15.8463
12; 6; 11; 0.29132; -0.181215; 0.809912; 47.6874; -161.99; 15.871
12; 7; 14; 0.291143; -0.180911; 0.812521; 48.1125; -161.639; 15.7398
12; 8; 7; 0.296559; -0.173481; 0.808543; 48.0644; -160.707; 16.9261
12; 9; 9; 0.29038; -0.182001; 0.81262; 47.8408; -162.123; 15.6872
12; 10; 10; 0.289821; -0.182871; 0.812754; 47.6577; -162.212; 15.6574
12; 11; 11; 0.290888; -0.17867; 0.829607; 48.9013; -161.775; 15.6716
12; 12; 10; 0.294567; -0.176855; 0.81327; 48.2615; -161.157; 16.3634
12; 13; 12; 0.289835; -0.182651; 0.812607; 48.3193; -161.828; 15.4134
12; 14; 12; 0.290109; -0.181961; 0.813912; 47.9901; -161.939; 15.6383
12; 15; 11; 0.290209; -0.182192; 0.810409; 47.7606; -161.773; 15.7077
12; 16; 9; 0.290146; -0.182736; 0.811173; 48.0919; -161.807; 15.5124
12; 17; 7; 0.290286; -0.182136; 0.808003; 47.8069; -161.156; 15.7509
12; 18; 9; 0.292338; -0.179525; 0.811875; 48.1298; -161.377; 15.951
12; 19; 7; 0.291056; -0.181672; 0.809125; 47.6132; -162.025; 15.8424
12; 20; 8; 0.289933; -0.182866; 0.809546; 47.646; -162.187; 15.6382
12; Median: 11; 0.0893634; -0.510548; 1.50264; 11.1937; 145.954; 87.7889
12; Mean: 10.1; 0.140426; -0.418395; 1.44383; 17.3797; 12.7061; 72.0319
12; Range: 7; 0.843273; 0.761357; 1.44367; 176.832; 350.554; 293.323
12; Stdev: 1.92094; 0.138279; 0.18977; 0.507001; 30.4643; 158.399; 49.9172
