Linear Detection Measurement - Goesser_35_63_
Pose p; Framenumber n; number of detected matches; targetpose px[m]; py[m]; pz[m]; rotx[°]; roty[°]; rotz[°]
Pose p; calculate Median
Pose p; calculate Mittelwert
Pose p; calculate Spannweite
Pose p; calculate Stdev
1; 1; 67; 0; 0; 0; 0; -0; 0
1; 2; 65; 0; 0; 0; 0; -0; 0
1; 3; 74; 0; 0; 0; 0; -0; 0
1; 4; 75; 0; 0; 0; 0; -0; 0
1; 5; 79; 0; 0; 0; 0; -0; 0
1; 6; 66; 0; 0; 0; 0; -0; 0
1; 7; 72; 0.33054; -0.0371323; 0.742764; 62.4305; -172.55; 13.2715
1; 8; 69; 0; 0; 0; 0; -0; 0
1; 9; 69; 0; 0; 0; 0; -0; 0
1; 10; 74; 0; 0; 0; 0; -0; 0
1; 11; 73; 0.270918; -0.0684221; 0.727426; 64.2059; 146.026; 5.90264
1; 12; 74; -0.0600437; -0.0633133; 0.468266; -111.416; 63.7929; 163.245
1; 13; 64; 0; 0; 0; 0; -0; 0
1; 14; 62; 0.326308; -0.0691164; 0.605093; 53.3348; -158.943; 10.5589
1; 15; 65; 0; 0; 0; 0; -0; 0
1; 16; 68; 0; 0; 0; 0; -0; 0
1; 17; 86; 0.154364; -0.0298227; 0.365074; -62.8424; -110.595; 158.957
1; 18; 65; 0; 0; 0; 0; -0; 0
1; 19; 77; 0; 0; 0; 0; -0; 0
1; 20; 66; 0; 0; 0; 0; -0; 0
1; Median: 69; 0; 0; 0; 0; -0; 0
1; Mean: 70.5; 0.0511043; -0.0133903; 0.145431; 17.5967; -11.6134; 0.285639
1; Range: 24; 0.390583; 0.0691164; 0.742764; 163.245; 318.576; 175.622
1; Stdev: 5.86941; 0.114963; 0.0246469; 0.262348; 47.9821; 67.0684; 36.8956
2; 1; 114; 0.348767; -0.105951; 0.701374; 49.1294; -159.423; 14.0462
2; 2; 106; 0.352105; -0.103055; 0.676946; 48.2534; -159.022; 15.4371
2; 3; 111; 0.333619; -0.123689; 0.673675; 46.6212; -168.79; 14.2332
2; 4; 124; 0.283014; -0.115173; 0.821685; 52.988; 171.331; 13.8515
2; 5; 117; 0.335941; -0.117314; 0.705809; 49.8569; -163.58; 12.3805
2; 6; 109; 0.343302; -0.108602; 0.708793; 47.7626; -163.978; 14.5676
2; 7; 115; 0.339617; -0.111087; 0.722136; 49.007; -163.944; 13.2864
2; 8; 109; 0.340751; -0.113965; 0.708884; 50.0159; -161.432; 12.2144
2; 9; 110; 0.345561; -0.114648; 0.689298; 47.1878; -159.364; 13.7323
2; 10; 106; 0.343932; -0.108594; 0.710042; 48.4782; -161.53; 13.9888
2; 11; 113; 0.335309; -0.117454; 0.706582; 49.4298; -165.923; 12.8184
2; 12; 115; 0.341033; -0.111325; 0.726274; 47.7494; -165.264; 13.319
2; 13; 113; 0.342212; -0.113442; 0.685487; 48.6374; -158.739; 13.2015
2; 14; 131; 0.343239; -0.0982417; 0.769843; 47.646; -170.502; 15.9635
2; 15; 113; 0.333689; -0.115643; 0.7343; 51.2104; -166.042; 11.7148
2; 16; 114; 0.34419; -0.112421; 0.698736; 49.352; -160.2; 13.0199
2; 17; 109; 0.345163; -0.105284; 0.710508; 48.2938; -163.066; 14.6519
2; 18; 111; 0.344766; -0.114571; 0.674473; 46.6566; -161.567; 14.4906
2; 19; 116; 0.343517; -0.113658; 0.687952; 48.2084; -161.887; 13.8705
2; 20; 125; 0; 0; 0; 0; -0; 0
2; Median: 113; 0.343239; -0.112421; 0.706582; 13.8515; -161.567; 48.4782
2; Mean: 114.05; 0.321986; -0.106206; 0.67564; 13.0394; -138.146; 46.3242
2; Range: 25; 0.352105; 0.123689; 0.821685; 15.9635; 341.832; 52.988
2; Stdev: 6.18446; 0.0751178; 0.0249884; 0.158583; 3.15928; 79.4299; 10.7288
3; 1; 149; 0.317024; -0.160285; 0.780496; 48.9029; -163.102; 13.0582
3; 2; 124; 0.320963; -0.155124; 0.807432; 50.418; -162.903; 12.6626
3; 3; 154; 0.320396; -0.159701; 0.765684; 48.1807; -162.617; 13.4712
3; 4; 146; 0.31961; -0.157483; 0.792271; 49.7141; -162.672; 12.8681
3; 5; 152; 0.314802; -0.163163; 0.779952; 48.8441; -163.195; 12.5091
3; 6; 175; 0.319838; -0.161422; 0.771632; 48.8479; -161.748; 12.7259
3; 7; 150; 0.315983; -0.170115; 0.796124; 46.5406; -161.929; 12.5313
3; 8; 127; 0.319399; -0.160914; 0.778447; 48.7053; -161.472; 12.872
3; 9; 122; 0.321648; -0.16004; 0.763359; 48.515; -161.037; 13.1082
3; 10; 157; 0.320508; -0.157549; 0.793782; 49.7659; -162.904; 12.7893
3; 11; 150; 0.319697; -0.162062; 0.769844; 48.828; -161.414; 12.6987
3; 12; 152; 0.325885; -0.151236; 0.770626; 48.4087; -161.508; 14.7602
3; 13; 153; 0.31862; -0.162256; 0.775909; 49.4275; -161.666; 12.2328
3; 14; 142; 0.319115; -0.162037; 0.777659; 49.9617; -161.755; 12.2168
3; 15; 136; 0.316517; -0.162334; 0.7821; 49.0288; -163.125; 12.5775
3; 16; 146; 0.321787; -0.15935; 0.765838; 47.9977; -162.39; 13.4058
3; 17; 138; 0.311477; -0.168575; 0.781127; 49.3052; -163.942; 11.2538
3; 18; 152; 0.317808; -0.166304; 0.763314; 47.7711; -161.823; 12.5224
3; 19; 136; 0.322887; -0.159877; 0.759204; 47.9956; -161.238; 13.456
3; 20; 151; 0.318295; -0.165812; 0.753945; 47.5463; -161.777; 12.7157
3; Median: 150; 0.31961; -0.160914; 0.777659; 12.7259; -161.823; 48.8441
3; Mean: 145.6; 0.319113; -0.161282; 0.776437; 12.8218; -162.211; 48.7353
3; Range: 53; 0.0144079; 0.0188789; 0.0534871; 3.50636; 2.90487; 3.87744
3; Stdev: 12.1384; 0.00301906; 0.00425349; 0.0131586; 0.656881; 0.777762; 0.895044
4; 1; 161; 0.302738; -0.226656; 0.862131; 49.2569; -162.401; 13.0801
4; 2; 146; 0.3001; -0.229039; 0.874835; 49.0003; -162.286; 12.7197
4; 3; 162; 0.304266; -0.227494; 0.859157; 48.4043; -160.185; 13.2016
4; 4; 155; 0.291538; -0.236445; 0.876342; 48.9288; -166.638; 11.5612
4; 5; 145; 0.300073; -0.227355; 0.854995; 49.1887; -161.803; 12.736
4; 6; 152; 0.295921; -0.228568; 0.866893; 49.235; -163.486; 12.627
4; 7; 143; 0.291236; -0.241345; 0.846237; 47.0293; -163.237; 11.3848
4; 8; 167; 0.292796; -0.239957; 0.831338; 46.117; -163.786; 12.1215
4; 9; 145; 0.296713; -0.222448; 0.85302; 50.0377; -165.118; 12.5607
4; 10; 158; 0.29681; -0.232815; 0.868414; 47.6431; -163.053; 12.5976
4; 11; 151; 0.294835; -0.235381; 0.873317; 48.2215; -163.208; 11.9066
4; 12; 149; 0.301151; -0.230066; 0.868866; 47.8887; -161.86; 13.018
4; 13; 150; 0.295344; -0.230684; 0.880479; 50.6525; -166.455; 12.0503
4; 14; 162; 0.293092; -0.23262; 0.892665; 49.7786; -166.73; 11.9461
4; 15; 155; 0.304339; -0.225788; 0.851578; 47.9455; -161.178; 13.7244
4; 16; 140; 0.294871; -0.232754; 0.891197; 47.6624; -165.719; 13.2241
4; 17; 158; 0.29458; -0.234305; 0.873; 48.9114; -164.826; 11.843
4; 18; 140; 0.295567; -0.230273; 0.876895; 50.4494; -166.114; 12.0489
4; 19; 153; 0.296869; -0.229116; 0.887827; 49.1919; -165.148; 12.7624
4; 20; 159; 0.293823; -0.235542; 0.870554; 48.8447; -163.354; 11.5924
4; Median: 153; 0.295921; -0.230273; 0.870554; 12.5976; -163.354; 48.9288
4; Mean: 152.55; 0.296833; -0.231433; 0.867987; 12.4353; -163.829; 48.7194
4; Range: 27; 0.013103; 0.0188974; 0.0613269; 2.33955; 6.54541; 4.53546
4; Stdev: 7.60575; 0.00388961; 0.00465006; 0.0150769; 0.625595; 1.88132; 1.10235
5; 1; 103; 0.302446; -0.302441; 0.956936; 48.3866; -164.654; 12.2375
5; 2; 101; 0.304178; -0.300738; 0.956362; 48.0636; -165.042; 12.7001
5; 3; 90; 0.302822; -0.303742; 0.947658; 46.804; -162.514; 12.5765
5; 4; 92; 0.30506; -0.299638; 0.957199; 48.7199; -164.057; 12.6812
5; 5; 93; 0.0384295; 0.0148989; 1.27424; 126.849; 153.918; 12.6934
5; 6; 87; 0.304259; -0.30276; 0.937261; 46.9729; -162.364; 12.6558
5; 7; 97; 0.108858; -0.075435; 1.29029; 111.475; 161.873; 7.31241
5; 8; 111; 0.306792; -0.299855; 0.943857; 47.3588; -163.59; 13.2225
5; 9; 99; 0.128263; -0.015707; 1.25227; 120.084; 165.946; 8.95418
5; 10; 105; 0.310958; -0.292026; 0.951181; 49.6759; -162.658; 13.3966
5; 11; 80; 0.301622; -0.303083; 0.965704; 48.3709; -164.712; 12.1772
5; 12; 90; 0.302102; -0.30294; 0.952715; 48.2624; -163.513; 12.1702
5; 13; 96; 0.300684; -0.301337; 0.965158; 49.1754; -165.864; 12.0466
5; 14; 96; 0.305352; -0.299315; 0.949684; 48.3945; -163.444; 12.7999
5; 15; 94; 0.313576; -0.293305; 0.979828; 50.4156; -162.347; 13.2693
5; 16; 101; 0.301408; -0.303394; 0.947914; 47.3869; -165.425; 12.405
5; 17; 102; 0.297656; -0.306387; 0.995179; 50.3453; -164.772; 10.9919
5; 18; 106; 0.301685; -0.301638; 0.970666; 49.0271; -165.747; 12.1424
5; 19; 106; 0.30907; -0.293293; 0.980195; 49.8749; -163.75; 13.4333
5; 20; 96; 0.304367; -0.299798; 0.957279; 48.1838; -165.308; 12.8925
5; Median: 97; 0.302822; -0.299855; 0.957279; 12.6558; -163.59; 48.7199
5; Mean: 97.25; 0.272479; -0.259097; 1.00658; 12.1379; -115.401; 59.1913
5; Range: 31; 0.275147; 0.321286; 0.353025; 6.12085; 331.811; 80.0447
5; Stdev: 7.27238; 0.077419; 0.0992998; 0.112568; 1.46516; 115.956; 25.4576
6; 1; 67; 0.303933; -0.37801; 0.958551; 43.1436; -162.135; 13.1512
6; 2; 66; 0.319574; -0.369077; 1.05764; 47.8169; -162.82; 14.5109
6; 3; 62; 0.315722; -0.374073; 1.05128; 44.4079; -167.613; 14.7791
6; 4; 70; 0.320535; -0.36765; 1.02501; 46.6054; -161.639; 14.6537
6; 5; 64; 0.318952; -0.373021; 1.06445; 48.0822; -162.933; 13.8318
6; 6; 55; 0.102819; -0.153375; 1.40738; 111.16; 160.176; 7.35324
6; 7; 56; 0.318375; -0.370033; 1.06271; 48.9081; -162.995; 13.7949
6; 8; 66; 0.321507; -0.366479; 1.03369; 49.7522; -156.813; 14.064
6; 9; 62; 0.322993; -0.361621; 1.05263; 49.4365; -161.985; 14.7572
6; 10; 66; 0.324469; -0.360359; 1.03828; 47.1742; -163.552; 16.2453
6; 11; 55; 0.316767; -0.372841; 1.04854; 47.8486; -162.391; 13.6851
6; 12; 59; 0.318875; -0.368808; 1.07013; 48.9269; -163.941; 14.1101
6; 13; 61; 0.319333; -0.367271; 1.07665; 50.7203; -164.674; 13.6129
6; 14; 64; 0.310456; -0.374031; 1.06769; 49.2151; -167.16; 12.865
6; 15; 55; 0.317454; -0.372514; 1.03623; 46.6047; -162.244; 14.1365
6; 16; 65; 0.310824; -0.379368; 1.05469; 45.2963; -164.927; 13.5781
6; 17; 69; 0.308972; -0.379784; 1.03401; 46.606; -164.964; 12.5562
6; 18; 52; 0.00366915; -0.523973; 1.10421; -161.786; 41.1294; 115.198
6; 19; 55; 0.316436; -0.370699; 1.06144; 49.1445; -164.285; 13.4283
6; 20; 63; 0.122171; -0.0743681; 1.41297; 122.968; 164.585; 10.2503
6; Median: 63; 0.317454; -0.370033; 1.05764; 13.8318; -162.82; 48.0822
6; Mean: 61.6; 0.280692; -0.352868; 1.08591; 18.5281; -120.559; 44.1015
6; Range: 18; 0.320799; 0.449604; 0.454416; 107.845; 332.198; 284.754
6; Stdev: 5.20961; 0.0883478; 0.0873662; 0.111462; 22.2498; 104.282; 51.6638
7; 1; 41; 0.314131; -0.434448; 1.12121; 48.7809; -163.707; 12.9978
7; 2; 39; 0.123191; -0.152688; 1.45633; 120.058; 164.516; 9.51301
7; 3; 33; 0.30786; -0.435873; 1.06301; 44.2424; -167.671; 13.1954
7; 4; 39; 0.330349; -0.418299; 1.13113; 47.6276; -159.606; 17.4188
7; 5; 42; 0.302196; -0.440382; 1.10597; 50.3719; -165.062; 10.8612
7; 6; 49; 0.305543; -0.444015; 1.13444; 48.1708; -166.265; 12.1172
7; 7; 36; 0.319053; -0.433134; 1.14537; 47.817; -164.87; 14.7013
7; 8; 47; 0.306215; -0.442706; 1.10301; 46.9063; -164.864; 12.1205
7; 9; 50; 0.312428; -0.438316; 1.12911; 48.1246; -165.25; 13.2042
7; 10; 38; 0.326516; -0.419755; 1.15468; 52.7693; -160.017; 14.7072
7; 11; 50; 0.307213; -0.444351; 1.1337; 51.9676; -159.359; 10.1174
7; 12; 47; 0.314093; -0.434195; 1.09921; 46.0422; -165.117; 14.1542
7; 13; 41; 0.302782; -0.446329; 1.16256; 49.5735; -167.782; 11.4052
7; 14; 38; 0.308693; -0.442343; 1.13312; 49.6276; -162.756; 11.7072
7; 15; 50; 0.298777; -0.446368; 1.06992; 47.1259; -163.902; 10.5632
7; 16; 45; 0.165495; -0.129246; 1.37195; 122.198; 171.026; 7.18512
7; 17; 47; 0.322893; -0.424866; 1.0865; 42.1154; -163.826; 17.4043
7; 18; 36; 0.308713; -0.446075; 1.15261; 48.8259; -162.939; 12.2422
7; 19; 42; 0.314978; -0.435815; 1.13647; 49.4775; -162.558; 13.1297
7; 20; 33; 0.0949928; -0.143689; 1.47563; 122.451; 160.817; 9.84434
7; Median: 42; 0.308693; -0.435815; 1.1337; 12.2422; -163.707; 48.8259
7; Mean: 42.15; 0.284306; -0.392645; 1.1683; 12.4295; -114.46; 59.2137
7; Range: 17; 0.235356; 0.317122; 0.412613; 10.2337; 338.808; 80.3352
7; Stdev: 5.52517; 0.0671163; 0.10571; 0.116185; 2.45709; 117.619; 26.2994
8; 1; 23; 0.29538; -0.42326; 0.702088; 24.335; -148.194; 22.6391
8; 2; 26; 0.200356; -0.570261; 1.5737; -113.938; 4.29906; 175.769
8; 3; 29; 0.350061; -0.449006; 1.29529; 78.0639; -149.196; 5.88912
8; 4; 25; 0.325215; -0.493842; 1.13481; 49.3853; -156.619; 12.8388
8; 5; 23; 0.358924; -0.452218; 1.28706; 60.2405; -155.383; 18.0402
8; 6; 21; 0.204982; -0.526833; 1.72669; 75.9296; 170.407; 4.53251
8; 7; 26; 0.0164178; -0.436171; 1.58293; -90.4772; 33.1001; 175.814
8; 8; 32; 0.107778; -0.30531; 1.54031; 107.919; 159.703; 4.14674
8; 9; 30; 0.315411; -0.498472; 1.06602; 41.2655; -154.605; 14.518
8; 10; 26; 0.317664; -0.507688; 1.21844; 49.1138; -165.528; 12.2257
8; 11; 25; 0.323749; -0.489253; 1.06661; 43.0752; -156.266; 14.8671
8; 12; 32; 0.325509; -0.513451; 1.21714; 44.4656; -162.665; 14.2383
8; 13; 23; -5.05845e+11; -4.06893e+12; -1.61008e+12; -54.712; -28.1105; 90.3317
8; 14; 29; 0.382367; -0.426249; 1.17408; 71.1777; -105.251; 18.375
8; 15; 23; -0.0183032; -0.527012; 0.368238; -109.242; -5.33787; 116.496
8; 16; 31; 0.333553; -0.48669; 1.26198; 59.2229; -159.661; 11.8819
8; 17; 25; 0.194645; -0.353994; 1.5077; 98.7025; 171.487; 4.44081
8; 18; 28; 0.351711; -0.366544; 1.11849; 72.4119; -155.139; 13.524
8; 19; 32; 0.362568; -0.432631; 1.1223; 53.3048; -153.809; 20.749
8; 20; 20; 0.0798143; -0.325457; 1.56125; 105.635; 155.136; 3.81075
8; Median: 26; 0.317664; -0.452218; 1.21844; 14.518; -148.194; 53.3048
8; Mean: 26.45; -2.52923e+10; -2.03447e+11; -8.05038e+10; 37.7564; -58.0816; 33.2939
8; Range: 12; 5.05845e+11; 4.06893e+12; 1.61008e+12; 172.003; 337.015; 221.857
8; Stdev: 3.65342; 1.10246e+11; 8.86803e+11; 3.50908e+11; 53.8569; 126.857; 66.9323
9; 1; 24; 0.319614; -0.533273; 1.197; 49.7814; -155.796; 15.2024
9; 2; 24; 0.296802; -0.510158; 0.982826; 61.9927; -130.014; 2.88261
9; 3; 29; 0.282627; -0.585662; 1.30616; 47.2007; -168.833; 9.47084
9; 4; 27; 0.0499791; -0.553368; 1.68916; -98.9764; 26.9855; 176.192
9; 5; 28; 0.0907653; -0.405538; 0.802877; -28.5168; -140.833; 43.9437
9; 6; 27; 0.320697; -0.468494; 0.903523; 34.1889; -154.292; 22.2383
9; 7; 30; 0.297791; -0.565945; 1.18196; 38.0173; -163.626; 14.3855
9; 8; 21; 0.313959; -0.534822; 1.1779; 51.238; -155.333; 13.352
9; 9; 24; 0.0942031; -0.571769; 1.39195; -117.907; 29.8428; 177.848
9; 10; 30; 0.316863; -0.479505; 0.929987; 34.5373; -154.723; 21.1438
9; 11; 29; 0.300542; -0.526251; 1.3096; 63.4098; -164.399; 9.82918
9; 12; 22; 0.127242; -0.654608; 1.44688; -141.307; 36.01; 175.78
9; 13; 21; 0.350342; -0.455275; 1.29218; 71.8987; -155.564; 15.2287
9; 14; 23; 0.318457; -0.548255; 1.36465; 54.0703; -167.502; 14.9811
9; 15; 28; 0.306673; -0.546178; 1.16921; 42.6537; -163.653; 14.8029
9; 16; 20; 0.29777; -0.296329; 1.32461; -60.0613; -11.9117; 174.717
9; 17; 35; 0.316424; -0.527595; 1.13071; 38.4686; -151.151; 20.9579
9; 18; 30; 0.222334; -0.584008; 1.11757; 24.705; 151.456; 2.03348
9; 19; 32; 0.330468; -0.498527; 1.11236; 48.3576; -145.305; 20.5345
9; 20; 27; 0.303867; -0.549682; 1.19868; 48.5678; -158.906; 12.4089
9; Median: 27; 0.303867; -0.533273; 1.197; 15.2287; -154.292; 42.6537
9; Mean: 26.55; 0.262871; -0.519762; 1.20149; 47.8967; -104.877; 13.1159
9; Range: 15; 0.300363; 0.358279; 0.886287; 175.815; 320.289; 213.206
9; Stdev: 3.94303; 0.0901929; 0.0733003; 0.199771; 64.6509; 92.0463; 63.3831
10; 1; 22; 0.295684; -0.608669; 1.20147; 5.82628; 153.881; 4.09492
10; 2; 17; 0.332402; -0.531542; 1.04048; 55.9885; -144.383; 13.1916
10; 3; 22; 0; 0; 0; 0; -0; 0
10; 4; 16; 0.316036; -0.568582; 1.13151; 40.2844; -158.225; 16.8134
10; 5; 16; -0.11411; -0.349803; 0.655712; -85.8916; -137.625; 89.4965
10; 6; 18; 0; 0; 0; 0; -0; 0
10; 7; 20; 0.350208; -0.556775; 1.52151; 77.2736; -148.887; 11.7607
10; 8; 19; 0.267731; -0.676401; 1.38931; 37.5418; -171.787; 7.87543
10; 9; 23; 0.203196; -0.674011; 1.32455; -151.377; 29.2282; 179.496
10; 10; 22; 0.257559; -0.669068; 1.40527; -117.605; -15.7653; 178.117
10; 11; 21; 0.30171; -0.559072; 1.10688; 21.4216; -150.38; 27.9052
10; 12; 21; 0.290177; -0.639273; 1.31837; 42.6653; -163.624; 10.6218
10; 13; 21; 0.260225; -0.68201; 1.42449; 45.3745; -167.343; 4.74839
10; 14; 14; 0.324775; -0.569323; 1.32547; 73.6393; -148.87; 3.9598
10; 15; 16; 0; 0; 0; 0; -0; 0
10; 16; 17; 0.290209; -0.611999; 1.16615; 29.4155; -156.685; 16.4312
10; 17; 16; 0; 0; 0; 0; -0; 0
10; 18; 23; 0.311488; -0.624182; 1.29524; 38.7663; -158.795; 16.1471
10; 19; 15; 0.284012; -0.636626; 1.27732; 15.0711; 176.631; 10.2084
10; 20; 23; 0.261518; -0.638234; 1.1666; 33.0719; -165.378; 7.36263
10; Median: 20; 0.284012; -0.569323; 1.20147; 10.6218; -144.383; 29.4155
10; Mean: 19.1; 0.211641; -0.479778; 0.987516; 29.9115; -76.4003; 8.07333
10; Range: 9; 0.464318; 0.68201; 1.52151; 179.496; 348.418; 228.65
10; Stdev: 2.94788; 0.140652; 0.250165; 0.523755; 53.0815; 107.798; 58.4985
11; 1; 8; 0; 0; 0; 0; -0; 0
11; 2; 17; 0.315678; -0.640105; 1.27098; 43.9894; -154.882; 17.221
11; 3; 16; 0.274762; -0.700915; 1.3515; 35.9461; -169.718; 10.4402
11; 4; 13; 0; 0; 0; 0; -0; 0
11; 5; 16; 0; 0; 0; 0; -0; 0
11; 6; 18; 0.358593; -0.451681; 1.02592; -82.7211; -41.3515; 175.922
11; 7; 11; 0; 0; 0; 0; -0; 0
11; 8; 13; 0.0732883; -0.551962; 1.85624; 100.378; 155.682; 5.83652
11; 9; 15; 0.342305; -0.51935; 1.28532; 71.1389; -155.36; 15.834
11; 10; 16; 0.171878; -0.779902; 1.80601; -111.816; 1.76592; 174.574
11; 11; 14; 0.0243355; -0.494356; 1.70932; -76.2721; 28.7683; 179.165
11; 12; 17; 0; 0; 0; 0; -0; 0
11; 13; 17; 0.298318; -0.683941; 1.37033; 42.6606; -162.048; 13.563
11; 14; 9; 0; 0; 0; 0; -0; 0
11; 15; 16; -0.436416; -1.01766; 3.10517; -159.317; -26.912; 45.378
11; 16; 14; 0; 0; 0; 0; -0; 0
11; 17; 18; 0.0156508; -0.588067; 1.70865; -91.1614; 31.8198; 176.977
11; 18; 15; 0.261924; -0.343566; 1.2836; 66.9085; 3.12355; 167.732
11; 19; 14; 0.130491; -0.392882; 1.85301; 126.311; 167.557; 0.0216753
11; 20; 10; 0; 0; 0; 0; -0; 0
11; Median: 15; 0.0243355; -0.392882; 1.2836; 10.4402; -0; 0
11; Mean: 14.35; 0.0915404; -0.358219; 0.981302; 49.1332; -16.0777; -1.69772
11; Range: 10; 0.795009; 1.01766; 3.10517; 179.165; 337.276; 285.628
11; Stdev: 2.85088; 0.180852; 0.323052; 0.895464; 73.3592; 87.9258; 70.5027
12; 1; 10; 0; 0; 0; 0; -0; 0
12; 2; 10; 0.202518; -0.51544; 1.86199; -60.1003; 2.39271; 177.197
12; 3; 8; -0.45035; -1.03536; 4.01112; 71.8158; -143.118; 176.508
12; 4; 8; 0; 0; 0; 0; -0; 0
12; 5; 7; 0; 0; 0; 0; -0; 0
12; 6; 4; 0; 0; 0; 0; -0; 0
12; 7; 13; -0.0549569; -0.136026; 0.390157; 172.574; -20.2293; 98.1832
12; 8; 11; 0.282059; -0.782722; 1.52616; 46.8695; -167.586; 8.95667
12; 9; 8; 0; 0; 0; 0; -0; 0
12; 10; 5; 0; 0; 0; 0; -0; 0
12; 11; 10; 0; 0; 0; 0; -0; 0
12; 12; 12; 0; 0; 0; 0; -0; 0
12; 13; 10; 0; 0; 0; 0; -0; 0
12; 14; 3; 0; 0; 0; 0; -0; 0
12; 15; 7; 0; 0; 0; 0; -0; 0
12; 16; 14; 0; 0; 0; 0; -0; 0
12; 17; 12; 0; 0; 0; 0; -0; 0
12; 18; 9; 0; 0; 0; 0; -0; 0
12; 19; 9; 0; 0; 0; 0; -0; 0
12; 20; 14; 0; 0; 0; 0; -0; 0
12; Median: 10; 0; 0; 0; 0; -0; 0
12; Mean: 9.2; -0.00103649; -0.123478; 0.389472; 23.0422; -16.427; 11.5579
12; Range: 11; 0.73241; 1.03536; 4.01112; 177.197; 169.978; 232.674
12; Stdev: 2.99333; 0.127747; 0.288434; 0.974775; 55.5225; 46.6828; 43.6327
13; 1; 7; 0; 0; 0; 0; -0; 0
13; 2; 8; 0; 0; 0; 0; -0; 0
13; 3; 11; 0; 0; 0; 0; -0; 0
13; 4; 9; 0; 0; 0; 0; -0; 0
13; 5; 5; 0; 0; 0; 0; -0; 0
13; 6; 7; 0; 0; 0; 0; -0; 0
13; 7; 6; 0; 0; 0; 0; -0; 0
13; 8; 7; 0.305945; -0.804567; 1.59861; 68.8658; -149.049; 2.38389
13; 9; 7; 0; 0; 0; 0; -0; 0
13; 10; 9; 0; 0; 0; 0; -0; 0
13; 11; 7; 0; 0; 0; 0; -0; 0
13; 12; 9; 0; 0; 0; 0; -0; 0
13; 13; 6; 0; 0; 0; 0; -0; 0
13; 14; 7; 0; 0; 0; 0; -0; 0
13; 15; 10; -4.02551e+10; -7.101e+10; 1.36503e+10; 148.075; -25.5148; 129.438
13; 16; 6; 0.339206; -0.790082; 1.73207; 69.4245; -151.679; 10.133
13; 17; 9; -0.0399273; -0.509166; 1.87677; 122.268; 143.048; 16.0924
13; 18; 5; 0; 0; 0; 0; -0; 0
13; 19; 7; 0.305751; -0.854224; 1.89926; 65.6852; -165.591; 9.48326
13; 20; 7; 0; 0; 0; 0; -0; 0
13; Median: 7; 0; 0; 0; 0; -0; 0
13; Mean: 7.45; -2.01276e+09; -3.5505e+09; 6.82516e+08; 8.37654; -17.4393; 23.7159
13; Range: 6; 4.02551e+10; 7.101e+10; 1.36503e+10; 129.438; 308.639; 148.075
13; Stdev: 1.56445; 8.77341e+09; 1.54763e+10; 2.97502e+09; 28.1142; 66.2095; 44.443
14; 1; 5; 0; 0; 0; 0; -0; 0
14; 2; 5; 0; 0; 0; 0; -0; 0
14; 3; 1; 0; 0; 0; 0; -0; 0
14; 4; 5; 0; 0; 0; 0; -0; 0
14; 5; 3; 0; 0; 0; 0; -0; 0
14; 6; 4; 0; 0; 0; 0; -0; 0
14; 7; 1; 0; 0; 0; 0; -0; 0
14; 8; 6; 0; 0; 0; 0; -0; 0
14; 9; 3; 0; 0; 0; 0; -0; 0
14; 10; 7; 0.35858; -0.724579; 1.54536; 68.0135; -151.241; 16.2545
14; 11; 4; 0; 0; 0; 0; -0; 0
14; 12; 6; 0; 0; 0; 0; -0; 0
14; 13; 5; 0; 0; 0; 0; -0; 0
14; 14; 2; 0; 0; 0; 0; -0; 0
14; 15; 3; 0; 0; 0; 0; -0; 0
14; 16; 5; 0; 0; 0; 0; -0; 0
14; 17; 8; 0; 0; 0; 0; -0; 0
14; 18; 4; 0; 0; 0; 0; -0; 0
14; 19; 3; 0; 0; 0; 0; -0; 0
14; 20; 7; -0.397019; -6.11805; 23.5633; 175.262; -163.095; 57.6234
14; Median: 5; 0; 0; 0; 0; -0; 0
14; Mean: 4.35; -0.00192196; -0.342131; 1.25543; 3.69389; -15.7168; 12.1638
14; Range: 7; 0.755599; 6.11805; 23.5633; 57.6234; 163.095; 175.262
14; Stdev: 1.87816; 0.11961; 1.33444; 5.12881; 12.8681; 47.1877; 40.239
15; 1; 4; 0; 0; 0; 0; -0; 0
15; 2; 1; 0; 0; 0; 0; -0; 0
15; 3; 2; 0; 0; 0; 0; -0; 0
15; 4; 3; 0; 0; 0; 0; -0; 0
15; 5; 2; 0; 0; 0; 0; -0; 0
15; 6; 1; 0; 0; 0; 0; -0; 0
15; 7; 2; 0; 0; 0; 0; -0; 0
15; 8; 0; 0; 0; 0; 0; -0; 0
15; 9; 1; 0; 0; 0; 0; -0; 0
15; 10; 3; 0; 0; 0; 0; -0; 0
15; 11; 1; 0; 0; 0; 0; -0; 0
15; 12; 0; 0; 0; 0; 0; -0; 0
15; 13; 2; 0; 0; 0; 0; -0; 0
15; 14; 3; 0; 0; 0; 0; -0; 0
15; 15; 1; 0; 0; 0; 0; -0; 0
15; 16; 1; 0; 0; 0; 0; -0; 0
15; 17; 4; 0; 0; 0; 0; -0; 0
15; 18; 4; 0; 0; 0; 0; -0; 0
15; 19; 1; 0; 0; 0; 0; -0; 0
15; 20; 5; 0; 0; 0; 0; -0; 0
15; Median: 2; 0; 0; 0; 0; -0; 0
15; Mean: 2.05; 0; 0; 0; 0; 0; 0
15; Range: 5; 0; 0; 0; 0; 0; 0
15; Stdev: 1.39553; 0; 0; 0; 0; 0; 0
16; 1; 4; 0; 0; 0; 0; -0; 0
16; 2; 4; 0; 0; 0; 0; -0; 0
16; 3; 3; 0; 0; 0; 0; -0; 0
16; 4; 6; 0; 0; 0; 0; -0; 0
16; 5; 7; 0; 0; 0; 0; -0; 0
16; 6; 3; 0; 0; 0; 0; -0; 0
16; 7; 4; 0; 0; 0; 0; -0; 0
16; 8; 8; 0; 0; 0; 0; -0; 0
16; 9; 4; 0; 0; 0; 0; -0; 0
16; 10; 2; 0; 0; 0; 0; -0; 0
16; 11; 6; 0; 0; 0; 0; -0; 0
16; 12; 4; 0; 0; 0; 0; -0; 0
16; 13; 4; 0; 0; 0; 0; -0; 0
16; 14; 5; 0; 0; 0; 0; -0; 0
16; 15; 4; 0; 0; 0; 0; -0; 0
16; 16; 8; 0; 0; 0; 0; -0; 0
16; 17; 6; 0; 0; 0; 0; -0; 0
16; 18; 6; 0; 0; 0; 0; -0; 0
16; 19; 5; 0; 0; 0; 0; -0; 0
16; 20; 5; 0; 0; 0; 0; -0; 0
16; Median: 5; 0; 0; 0; 0; -0; 0
16; Mean: 4.9; 0; 0; 0; 0; 0; 0
16; Range: 6; 0; 0; 0; 0; 0; 0
16; Stdev: 1.57797; 0; 0; 0; 0; 0; 0
17; 1; 8; 0; 0; 0; 0; -0; 0
17; 2; 7; 0; 0; 0; 0; -0; 0
17; 3; 4; 0; 0; 0; 0; -0; 0
17; 4; 11; -0.324858; 0.0279665; 0.441425; -117.496; -53.0607; 42.4173
17; 5; 11; 0; 0; 0; 0; -0; 0
17; 6; 5; 0; 0; 0; 0; -0; 0
17; 7; 10; 0; 0; 0; 0; -0; 0
17; 8; 12; 0; 0; 0; 0; -0; 0
17; 9; 7; 0; 0; 0; 0; -0; 0
17; 10; 8; 0; 0; 0; 0; -0; 0
17; 11; 9; 0; 0; 0; 0; -0; 0
17; 12; 7; 0; 0; 0; 0; -0; 0
17; 13; 8; 0; 0; 0; 0; -0; 0
17; 14; 8; 0; 0; 0; 0; -0; 0
17; 15; 11; 0; 0; 0; 0; -0; 0
17; 16; 7; 0; 0; 0; 0; -0; 0
17; 17; 10; 0; 0; 0; 0; -0; 0
17; 18; 7; 0; 0; 0; 0; -0; 0
17; 19; 9; 0; 0; 0; 0; -0; 0
17; 20; 7; 0; 0; 0; 0; -0; 0
17; Median: 8; 0; 0; 0; 0; -0; 0
17; Mean: 8.3; -0.0162429; 0.00139833; 0.0220712; 2.12087; -2.65304; -5.87482
17; Range: 8; 0.324858; 0.0279665; 0.441425; 42.4173; 53.0607; 117.496
17; Stdev: 2.02731; 0.0708011; 0.00609516; 0.0962063; 9.24465; 11.5643; 25.6078
18; 1; 6; 0; 0; 0; 0; -0; 0
18; 2; 11; 0; 0; 0; 0; -0; 0
18; 3; 7; 0; 0; 0; 0; -0; 0
18; 4; 13; 0; 0; 0; 0; -0; 0
18; 5; 11; 0; 0; 0; 0; -0; 0
18; 6; 8; 0; 0; 0; 0; -0; 0
18; 7; 10; 0; 0; 0; 0; -0; 0
18; 8; 6; 0; 0; 0; 0; -0; 0
18; 9; 10; 0; 0; 0; 0; -0; 0
18; 10; 12; 0; 0; 0; 0; -0; 0
18; 11; 6; 0; 0; 0; 0; -0; 0
18; 12; 10; 0; 0; 0; 0; -0; 0
18; 13; 10; 0; 0; 0; 0; -0; 0
18; 14; 7; 0; 0; 0; 0; -0; 0
18; 15; 8; 0; 0; 0; 0; -0; 0
18; 16; 8; 0; 0; 0; 0; -0; 0
18; 17; 10; 0; 0; 0; 0; -0; 0
18; 18; 9; 0; 0; 0; 0; -0; 0
18; 19; 10; 0; 0; 0; 0; -0; 0
18; 20; 11; 0; 0; 0; 0; -0; 0
18; Median: 10; 0; 0; 0; 0; -0; 0
18; Mean: 9.15; 0; 0; 0; 0; 0; 0
18; Range: 7; 0; 0; 0; 0; 0; 0
18; Stdev: 2.00686; 0; 0; 0; 0; 0; 0
19; 1; 13; 0; 0; 0; 0; -0; 0
19; 2; 12; 0; 0; 0; 0; -0; 0
19; 3; 11; 0; 0; 0; 0; -0; 0
19; 4; 14; 0; 0; 0; 0; -0; 0
19; 5; 14; 0; 0; 0; 0; -0; 0
19; 6; 12; 0; 0; 0; 0; -0; 0
19; 7; 14; 0; 0; 0; 0; -0; 0
19; 8; 9; 0; 0; 0; 0; -0; 0
19; 9; 20; 0; 0; 0; 0; -0; 0
19; 10; 11; 0; 0; 0; 0; -0; 0
19; 11; 17; 0; 0; 0; 0; -0; 0
19; 12; 12; 0; 0; 0; 0; -0; 0
19; 13; 10; 0; 0; 0; 0; -0; 0
19; 14; 16; 0; 0; 0; 0; -0; 0
19; 15; 9; 0; 0; 0; 0; -0; 0
19; 16; 10; 0; 0; 0; 0; -0; 0
19; 17; 13; 0; 0; 0; 0; -0; 0
19; 18; 14; 0; 0; 0; 0; -0; 0
19; 19; 10; 0; 0; 0; 0; -0; 0
19; 20; 9; 0; 0; 0; 0; -0; 0
19; Median: 12; 0; 0; 0; 0; -0; 0
19; Mean: 12.5; 0; 0; 0; 0; 0; 0
19; Range: 11; 0; 0; 0; 0; 0; 0
19; Stdev: 2.81957; 0; 0; 0; 0; 0; 0
20; 1; 8; 0; 0; 0; 0; -0; 0
20; 2; 8; 0; 0; 0; 0; -0; 0
20; 3; 7; 0; 0; 0; 0; -0; 0
20; 4; 7; 0; 0; 0; 0; -0; 0
20; 5; 7; 0; 0; 0; 0; -0; 0
20; 6; 6; 0; 0; 0; 0; -0; 0
20; 7; 11; 0; 0; 0; 0; -0; 0
20; 8; 8; 0; 0; 0; 0; -0; 0
20; 9; 9; 0; 0; 0; 0; -0; 0
20; 10; 9; 0; 0; 0; 0; -0; 0
20; 11; 8; 0; 0; 0; 0; -0; 0
20; 12; 8; 0; 0; 0; 0; -0; 0
20; 13; 8; 0; 0; 0; 0; -0; 0
20; 14; 10; 0; 0; 0; 0; -0; 0
20; 15; 7; 0; 0; 0; 0; -0; 0
20; 16; 10; 0; 0; 0; 0; -0; 0
20; 17; 9; 0; 0; 0; 0; -0; 0
20; 18; 10; -0.209717; -0.0293786; 0.501998; 115.96; 98.2855; 38.9715
20; 19; 4; 0; 0; 0; 0; -0; 0
20; 20; 8; 0; 0; 0; 0; -0; 0
20; Median: 8; 0; 0; 0; 0; -0; 0
20; Mean: 8.1; -0.0104858; -0.00146893; 0.0250999; 1.94858; 4.91428; 5.79798
20; Range: 7; 0.209717; 0.0293786; 0.501998; 38.9715; 98.2855; 115.96
20; Stdev: 1.54596; 0.0457067; 0.00640292; 0.109408; 8.49365; 21.4208; 25.2728
