Linear Detection Measurement - Goesser_35_115_
Pose p; Framenumber n; number of detected matches; targetpose px[m]; py[m]; pz[m]; rotx[°]; roty[°]; rotz[°]
Pose p; calculate Median
Pose p; calculate Mittelwert
Pose p; calculate Spannweite
Pose p; calculate Stdev
1; 1; 16; 0; 0; 0; 0; -0; 0
1; 2; 14; 0; 0; 0; 0; -0; 0
1; 3; 14; 0; 0; 0; 0; -0; 0
1; 4; 14; 0; 0; 0; 0; -0; 0
1; 5; 16; 0; 0; 0; 0; -0; 0
1; 6; 27; 0; 0; 0; 0; -0; 0
1; 7; 17; 0; 0; 0; 0; -0; 0
1; 8; 16; 0; 0; 0; 0; -0; 0
1; 9; 19; 0; 0; 0; 0; -0; 0
1; 10; 12; 0; 0; 0; 0; -0; 0
1; 11; 20; 0; 0; 0; 0; -0; 0
1; 12; 20; 0; 0; 0; 0; -0; 0
1; 13; 14; 0; 0; 0; 0; -0; 0
1; 14; 16; 0; 0; 0; 0; -0; 0
1; 15; 15; 0; 0; 0; 0; -0; 0
1; 16; 14; 0; 0; 0; 0; -0; 0
1; 17; 19; 0; 0; 0; 0; -0; 0
1; 18; 15; 0; 0; 0; 0; -0; 0
1; 19; 19; 0; 0; 0; 0; -0; 0
1; 20; 14; 0; 0; 0; 0; -0; 0
1; Median: 16; 0; 0; 0; 0; -0; 0
1; Mean: 16.55; 0; 0; 0; 0; 0; 0
1; Range: 15; 0; 0; 0; 0; 0; 0
1; Stdev: 3.29355; 0; 0; 0; 0; 0; 0
2; 1; 14; 0; 0; 0; 0; -0; 0
2; 2; 20; 0; 0; 0; 0; -0; 0
2; 3; 19; 0; 0; 0; 0; -0; 0
2; 4; 15; 0; 0; 0; 0; -0; 0
2; 5; 18; 0; 0; 0; 0; -0; 0
2; 6; 13; -0.214987; 0.048586; 0.414685; 127.684; 56.3619; 118.384
2; 7; 10; 0; 0; 0; 0; -0; 0
2; 8; 11; 0; 0; 0; 0; -0; 0
2; 9; 22; 0; 0; 0; 0; -0; 0
2; 10; 19; 0; 0; 0; 0; -0; 0
2; 11; 17; 0; 0; 0; 0; -0; 0
2; 12; 16; 0; 0; 0; 0; -0; 0
2; 13; 16; 0; 0; 0; 0; -0; 0
2; 14; 18; 0; 0; 0; 0; -0; 0
2; 15; 20; 0; 0; 0; 0; -0; 0
2; 16; 11; 0; 0; 0; 0; -0; 0
2; 17; 11; 0; 0; 0; 0; -0; 0
2; 18; 14; 0; 0; 0; 0; -0; 0
2; 19; 20; 0; 0; 0; 0; -0; 0
2; 20; 15; 0; 0; 0; 0; -0; 0
2; Median: 16; 0; 0; 0; 0; -0; 0
2; Mean: 15.95; -0.0107494; 0.0024293; 0.0207343; 5.91919; 2.81809; 6.38421
2; Range: 12; 0.214987; 0.048586; 0.414685; 118.384; 56.3619; 127.684
2; Stdev: 3.47095; 0.0468554; 0.0105891; 0.0903785; 25.8011; 12.2838; 27.8281
3; 1; 21; 0; 0; 0; 0; -0; 0
3; 2; 26; 0; 0; 0; 0; -0; 0
3; 3; 30; 0; 0; 0; 0; -0; 0
3; 4; 25; 0; 0; 0; 0; -0; 0
3; 5; 24; 0; 0; 0; 0; -0; 0
3; 6; 20; 0; 0; 0; 0; -0; 0
3; 7; 27; 0; 0; 0; 0; -0; 0
3; 8; 19; 0; 0; 0; 0; -0; 0
3; 9; 26; 0; 0; 0; 0; -0; 0
3; 10; 21; 0; 0; 0; 0; -0; 0
3; 11; 20; -0.0441403; 0.230253; 1.50437; -63.6501; 4.92605; 3.88345
3; 12; 21; 0; 0; 0; 0; -0; 0
3; 13; 22; 0; 0; 0; 0; -0; 0
3; 14; 25; 0; 0; 0; 0; -0; 0
3; 15; 19; 0; 0; 0; 0; -0; 0
3; 16; 21; 0; 0; 0; 0; -0; 0
3; 17; 19; 0; 0; 0; 0; -0; 0
3; 18; 25; 0; 0; 0; 0; -0; 0
3; 19; 23; 0; 0; 0; 0; -0; 0
3; 20; 22; 0; 0; 0; 0; -0; 0
3; Median: 22; 0; 0; 0; 0; -0; 0
3; Mean: 22.8; -0.00220701; 0.0115126; 0.0752186; 0.194173; 0.246303; -3.18251
3; Range: 11; 0.0441403; 0.230253; 1.50437; 3.88345; 4.92605; 63.6501
3; Stdev: 2.99333; 0.00962016; 0.0501824; 0.32787; 0.846379; 1.07361; 13.8722
4; 1; 18; 0; 0; 0; 0; -0; 0
4; 2; 20; 0; 0; 0; 0; -0; 0
4; 3; 18; 0; 0; 0; 0; -0; 0
4; 4; 25; 0.206378; -0.0195564; 0.937634; -58.2661; 150.548; 79.7581
4; 5; 20; 0; 0; 0; 0; -0; 0
4; 6; 27; 0.289476; 0.128382; 0.524995; -60.1724; -139.545; 112.269
4; 7; 21; 0; 0; 0; 0; -0; 0
4; 8; 23; 0; 0; 0; 0; -0; 0
4; 9; 27; 0; 0; 0; 0; -0; 0
4; 10; 26; 0; 0; 0; 0; -0; 0
4; 11; 25; 0; 0; 0; 0; -0; 0
4; 12; 19; 0; 0; 0; 0; -0; 0
4; 13; 27; 0; 0; 0; 0; -0; 0
4; 14; 33; 0; 0; 0; 0; -0; 0
4; 15; 24; 0; 0; 0; 0; -0; 0
4; 16; 30; 0; 0; 0; 0; -0; 0
4; 17; 19; 0; 0; 0; 0; -0; 0
4; 18; 24; 0; 0; 0; 0; -0; 0
4; 19; 25; 0; 0; 0; 0; -0; 0
4; 20; 24; 0; 0; 0; 0; -0; 0
4; Median: 24; 0; 0; 0; 0; -0; 0
4; Mean: 23.75; 0.0247927; 0.00544129; 0.0731315; 9.60136; 0.55015; -5.92192
4; Range: 15; 0.289476; 0.147939; 0.937634; 112.269; 290.094; 60.1724
4; Stdev: 3.96074; 0.0755297; 0.0285239; 0.22889; 29.2592; 45.8976; 17.7683
5; 1; 30; 0.0777599; -0.029524; 1.24289; -0.713062; 138.101; 82.3205
5; 2; 28; 0.0780029; 0.338932; 0.492042; -21.4918; -79.5918; 93.1516
5; 3; 36; 0; 0; 0; 0; -0; 0
5; 4; 33; 0; 0; 0; 0; -0; 0
5; 5; 35; 0.0370584; 0.374062; 1.06915; -101.183; -71.0186; 178.46
5; 6; 32; 0.156863; 0.384596; 1.37166; 52.6458; -145.387; 7.9185
5; 7; 25; 0.0507672; 0.319023; 1.60783; 31.2855; 158.32; 11.0207
5; 8; 33; 0.0227882; 0.378654; 1.31827; 81.9355; -171.94; 21.3882
5; 9; 39; 0; 0; 0; 0; -0; 0
5; 10; 35; 0; 0; 0; 0; -0; 0
5; 11; 33; 0; 0; 0; 0; -0; 0
5; 12; 32; 0; 0; 0; 0; -0; 0
5; 13; 38; 0; 0; 0; 0; -0; 0
5; 14; 26; 0; 0; 0; 0; -0; 0
5; 15; 39; 0; 0; 0; 0; -0; 0
5; 16; 26; 0; 0; 0; 0; -0; 0
5; 17; 30; 0; 0; 0; 0; -0; 0
5; 18; 29; 0; 0; 0; 0; -0; 0
5; 19; 25; 0.109371; 0.437807; 1.55258; 55.9323; -165.988; 11.9196
5; 20; 32; 0.309635; 0.220661; 1.21364; -81.45; -78.4473; 96.6455
5; Median: 32; 0; 0; 0; 0; -0; 0
5; Mean: 31.8; 0.0421123; 0.121211; 0.493403; 25.1412; -20.7975; 0.848056
5; Range: 14; 0.309635; 0.467331; 1.60783; 178.46; 330.26; 183.119
5; Stdev: 4.31972; 0.0753572; 0.17252; 0.638313; 47.3204; 81.0159; 39.3143
6; 1; 40; 0.120012; 0.377183; 1.51669; 55.7148; -148.114; 7.4443
6; 2; 35; 0; 0; 0; 0; -0; 0
6; 3; 35; 0.0498993; 0.335489; 1.48223; 51.6949; -172.525; 12.6402
6; 4; 36; 0.216307; 0.210029; 1.1064; -136.6; -73.1651; 168.472
6; 5; 37; 0.0100026; 0.640079; 1.8298; 134.687; -171.285; 8.1619
6; 6; 38; -0.020581; 0.326707; 0.748359; 80.7267; -108.257; 2.70116
6; 7; 32; 0; 0; 0; 0; -0; 0
6; 8; 40; 0.0695191; 0.316292; 1.43101; 49.7497; -167.862; 10.5225
6; 9; 33; 0.118457; 0.330468; 1.40273; 54.4774; -151.587; 3.95352
6; 10; 36; 0.0257521; 0.348288; 1.48134; 55.7279; -175.712; 14.8733
6; 11; 32; 0; 0; 0; 0; -0; 0
6; 12; 36; 0; 0; 0; 0; -0; 0
6; 13; 35; 0; 0; 0; 0; -0; 0
6; 14; 33; 0; 0; 0; 0; -0; 0
6; 15; 39; 0.132792; 0.324034; 1.23977; 9.13153; -115.836; 42.8642
6; 16; 37; -0.00593745; 0.362617; 1.61832; 53.9893; 163.356; 22.0641
6; 17; 32; 0.0794849; 0.332346; 1.47838; 48.7247; -161.582; 11.67
6; 18; 30; 0; 0; 0; 0; -0; 0
6; 19; 33; -0.222484; 0.10454; 1.69022; 121.791; 65.9198; 119.676
6; 20; 31; 0; 0; 0; 0; -0; 0
6; Median: 35; 0; 0.316292; 1.23977; 7.4443; -0; 48.7247
6; Mean: 35; 0.0286612; 0.200404; 0.851262; 21.2522; -60.8325; 28.9908
6; Range: 10; 0.438791; 0.640079; 1.8298; 168.472; 339.067; 271.287
6; Stdev: 2.88097; 0.0839017; 0.187158; 0.726119; 42.8772; 93.992; 55.2439
7; 1; 30; 0.130978; 0.250264; 1.56512; 49.3722; -160.107; 10.0545
7; 2; 34; 0; 0; 0; 0; -0; 0
7; 3; 35; 0; 0; 0; 0; -0; 0
7; 4; 35; 0.0901015; 0.525322; 2.00235; 94.7715; -117.548; 32.7886
7; 5; 39; -0.0383815; -0.149236; 1.82024; 143.703; 111.344; 179.848
7; 6; 39; 0.439418; -0.118388; 1.89418; -127.906; -59.9498; 104.117
7; 7; 40; 0.114066; 0.253727; 1.58003; 46.1267; -163.786; 13.9864
7; 8; 33; 0.131737; 0.217621; 1.48552; 43.027; -160.659; 9.28558
7; 9; 33; 0.131482; 0.263635; 1.56085; 54.4395; -159.585; 9.37711
7; 10; 40; -0.059951; 0.171784; 1.2335; 77.5225; 65.4739; 41.4811
7; 11; 33; 0.133301; 0.245755; 1.58164; 46.4469; -159.498; 10.5082
7; 12; 34; 0; 0; 0; 0; -0; 0
7; 13; 46; 0.0440455; 0.325084; 1.616; 65.8778; -171.829; 20.4477
7; 14; 34; 0.185631; 0.299714; 1.4148; -66.601; -41.9263; 144.832
7; 15; 35; 0.133941; 0.256269; 1.60544; 48.3247; -159.483; 10.2585
7; 16; 36; 0; 0; 0; 0; -0; 0
7; 17; 36; 0; 0; 0; 0; -0; 0
7; 18; 35; 0; 0; 0; 0; -0; 0
7; 19; 38; 0.157527; -0.280843; 0.230655; -80.1489; 24.6313; 40.092
7; 20; 39; 0.12578; 0.249539; 1.57333; 47.9233; -161.559; 11.6325
7; Median: 35; 0.114066; 0.217621; 1.56085; 10.5082; -41.9263; 46.1267
7; Mean: 36.2; 0.0859838; 0.125512; 1.05818; 31.9355; -65.724; 22.144
7; Range: 16; 0.49937; 0.806165; 2.00235; 179.848; 283.173; 271.609
7; Stdev: 3.47275; 0.108619; 0.191479; 0.76964; 49.7029; 89.5285; 60.648
8; 1; 46; 0.00831284; 0.39445; 1.63874; 144.512; 170.618; 11.1642
8; 2; 50; 0.127984; 0.369316; 1.85604; 95.3441; -127.33; 6.03313
8; 3; 42; 0.116358; 0.269144; 1.02237; -41.8742; -45.8432; 163.175
8; 4; 44; 0.12083; 0.192406; 1.63899; 49.903; -156.23; 9.64454
8; 5; 49; 0.111749; 0.192031; 1.66277; 50.9768; -161.44; 8.70845
8; 6; 52; 0.177995; 0.12912; 1.38894; -140.401; 35.8379; 136.019
8; 7; 44; 0.0932448; 0.204654; 1.72011; 51.2103; -164.578; 10.5906
8; 8; 43; 0.11885; 0.185143; 1.61706; 49.7218; -160.307; 9.03363
8; 9; 41; -0.0213555; 0.278019; 2.01878; 72.1378; 158.361; 22.1438
8; 10; 38; 0.0994046; 0.182876; 1.6226; 47.3185; -162.753; 13.2239
8; 11; 44; 0.142425; 0.196301; 1.54435; 54.319; -146.13; 5.40036
8; 12; 55; 0.107485; 0.178049; 1.635; 46.2415; -161.908; 12.4492
8; 13; 43; 0; 0; 0; 0; -0; 0
8; 14; 36; 0.117874; 0.18535; 1.61286; 47.9356; -157.708; 9.78718
8; 15; 45; 0; 0; 0; 0; -0; 0
8; 16; 42; 0; 0; 0; 0; -0; 0
8; 17; 44; 0.124781; 0.187069; 1.63053; 48.5658; -155.492; 9.76512
8; 18; 44; 0.116433; 0.197531; 1.66962; 52.1596; -159.018; 8.96826
8; 19; 41; 0.0818988; 0.186637; 1.63999; 50.9364; -167.647; 10.6274
8; 20; 47; 0.109509; 0.185439; 1.65258; 49.3699; -161.78; 9.21034
8; Median: 44; 0.111749; 0.187069; 1.635; 9.76512; -155.492; 49.7218
8; Mean: 44.5; 0.0876889; 0.185677; 1.37857; 22.7972; -86.1674; 36.4189
8; Range: 19; 0.199351; 0.39445; 2.01878; 163.175; 338.265; 284.914
8; Stdev: 4.37607; 0.055537; 0.10005; 0.606436; 42.7641; 107.522; 54.7897
9; 1; 52; 0.120052; 0.122028; 1.73469; 50.5597; -162.904; 10.1134
9; 2; 49; 0.109656; 0.12213; 1.73822; 49.6692; -165.976; 11.3206
9; 3; 49; 0.138946; 0.119401; 1.72547; 50.9499; -158.422; 8.08202
9; 4; 52; 0.145887; 0.126855; 1.71404; 48.9293; -155.388; 12.7076
9; 5; 54; 0.122213; 0.126593; 1.72188; 49.8256; -161.78; 12.0008
9; 6; 58; 0.110218; 0.122181; 1.75197; 49.2882; -165.858; 11.5192
9; 7; 52; 0.163508; 0.118263; 1.66122; 45.9147; -147.793; 12.053
9; 8; 51; 0.13146; 0.127538; 1.79054; 48.5713; -159.774; 12.6309
9; 9; 54; 0.130375; 0.106099; 1.73832; 44.3969; -160.954; 11.1215
9; 10; 53; 0.160734; 0.116459; 1.69061; 43.4291; -148.894; 14.2173
9; 11; 55; 0.124944; 0.119578; 1.74817; 49.2375; -162.517; 10.2616
9; 12; 51; 0.12076; 0.123369; 1.71337; 49.7127; -161.537; 11.037
9; 13; 48; 0.121592; 0.124493; 1.7326; 51.1253; -161.866; 10.2245
9; 14; 44; 0.132525; 0.121163; 1.76028; 49.8035; -161.295; 9.31147
9; 15; 54; 0.121437; 0.122701; 1.74055; 50.8865; -161.977; 9.85509
9; 16; 49; 0.127194; 0.134242; 1.70722; 55.0892; -156.894; 9.56146
9; 17; 49; 0.12115; 0.127162; 1.71541; 51.468; -161.734; 10.155
9; 18; 50; 0.143048; 0.132929; 1.67694; 56.5371; -154.839; 6.26842
9; 19; 47; 0.133672; 0.124177; 1.711; 50.6849; -157.911; 9.57685
9; 20; 55; 0.143366; 0.129152; 1.70891; 54.8373; -156.024; 6.78716
9; Median: 52; 0.130375; 0.123369; 1.72547; 10.2616; -160.954; 49.8256
9; Mean: 51.3; 0.131137; 0.123326; 1.72407; 10.4402; -159.217; 50.0458
9; Range: 14; 0.0538525; 0.0281428; 0.129313; 7.94886; 18.1825; 13.108
9; Stdev: 3.19531; 0.0142319; 0.00596443; 0.0284792; 1.89358; 4.70986; 3.11191
10; 1; 46; 0.136678; 0.0822604; 1.76644; 49.8734; -153.755; 10.1558
10; 2; 49; 0.0941212; 0.0823836; 1.83163; 50.8782; -166.131; 10.8926
10; 3; 52; 0.117478; 0.0913177; 1.74095; 53.718; -157.48; 9.18179
10; 4; 49; 0.127097; 0.0448503; 1.75336; 38.9349; -157.76; 10.9268
10; 5; 55; 0.0978396; 0.0849049; 1.77109; 51.7967; -164.492; 11.163
10; 6; 58; 0.0815328; 0.113229; 2.00476; 61.2257; -168.58; 4.89485
10; 7; 41; 0.0967376; 0.0981219; 1.86977; 54.6798; -164.297; 9.7531
10; 8; 51; 0.120318; 0.0651214; 1.80658; 45.5582; -160.361; 10.8002
10; 9; 51; 0.116216; 0.0777019; 1.76821; 49.8757; -158.91; 9.50959
10; 10; 48; 0.161951; 0.0427824; 1.79454; 36.9058; -149.625; 13.4588
10; 11; 51; 0.0951048; 0.0907082; 1.86689; 53.0984; -165.054; 10.0918
10; 12; 55; 0.106172; 0.0846763; 1.78498; 51.3278; -162.017; 10.8417
10; 13; 48; 0.118164; 0.0823083; 1.74664; 50.6784; -156.911; 10.0558
10; 14; 50; 0.107529; 0.0637768; 1.81631; 47.8526; -163.407; 10.2544
10; 15; 45; 0.128155; 0.0833895; 1.78932; 52.4472; -156.712; 7.93367
10; 16; 58; 0.122573; 0.0735182; 1.81177; 48.9808; -159.021; 9.15746
10; 17; 44; 0.095522; 0.0788558; 1.80091; 53.026; -165.589; 8.44625
10; 18; 54; 0.113475; 0.0630212; 1.82247; 47.4313; -163.276; 8.74928
10; 19; 56; 0.109801; 0.0671644; 1.76218; 47.8998; -162.136; 8.45798
10; 20; 46; 0.137886; 0.0877803; 1.76737; 51.4172; -152.606; 11.0885
10; Median: 51; 0.116216; 0.0823083; 1.79454; 10.0918; -160.361; 50.8782
10; Mean: 50.35; 0.114218; 0.0778936; 1.80381; 9.79067; -160.406; 49.8803
10; Range: 17; 0.0804185; 0.0704463; 0.263812; 8.56392; 18.9546; 24.3198
10; Stdev: 4.57466; 0.0183451; 0.016321; 0.0580005; 1.6598; 4.84565; 5.12223
11; 1; 47; 0.14778; 0.00777284; 1.89266; 47.9234; -159.242; 9.94165
11; 2; 45; 0.138392; 0.00307391; 1.95377; 48.371; -162.814; 8.17411
11; 3; 50; 0.156878; 0.0167443; 1.84428; 50.5247; -155.681; 8.35845
11; 4; 54; 0.145913; 0.0157065; 1.86732; 49.6048; -158.363; 9.67508
11; 5; 49; 0.11813; 0.0307269; 1.83993; 55.8324; -164.482; 8.46495
11; 6; 56; 0.118186; 0.014923; 1.88769; 51.3784; -166.105; 9.44325
11; 7; 51; 0.133367; 0.0169118; 1.86561; 50.0559; -160.248; 11.0773
11; 8; 52; 0.172032; 0.0386516; 1.87617; 56.206; -148.386; 7.5553
11; 9; 62; 0.121776; 0.0154215; 1.88459; 50.8359; -164.768; 10.196
11; 10; 56; 0.143083; 0.00921885; 1.90644; 48.8334; -160.076; 9.94706
11; 11; 52; 0.144679; 0.00899048; 1.88488; 48.6283; -159.495; 9.78842
11; 12; 55; 0.144029; 0.00282495; 1.90596; 47.2818; -160.372; 9.70844
11; 13; 53; 0.13209; 0.0138394; 1.88104; 49.785; -161.223; 11.0105
11; 14; 51; 0.142341; 0.0137668; 1.8809; 49.6418; -159.568; 9.75936
11; 15; 55; 0.147933; 0.0149425; 1.87591; 49.853; -158.348; 9.38445
11; 16; 46; 0.158041; 0.0181634; 1.83068; 48.7273; -154.637; 13.2183
11; 17; 51; 0.146227; 0.0198687; 1.8583; 51.772; -158.335; 8.61105
11; 18; 58; 0.167929; 0.0138793; 1.84927; 46.6456; -148.36; 13.3048
11; 19; 49; 0.142731; 0.006459; 1.89936; 48.3163; -160.245; 9.80928
11; 20; 44; 0.139338; 0.000880239; 1.84165; 46.6453; -162.053; 10.0951
11; Median: 52; 0.144029; 0.014923; 1.8809; 9.78842; -159.568; 49.6418
11; Mean: 51.8; 0.143044; 0.0141383; 1.87632; 9.87615; -159.14; 49.8431
11; Range: 18; 0.0539023; 0.0377713; 0.12309; 5.74947; 17.7447; 9.56074
11; Stdev: 4.41135; 0.0139369; 0.00872252; 0.028094; 1.42333; 4.50656; 2.47959
12; 1; 57; 0.12566; -0.071215; 1.97806; 47.9131; -159.888; 10.3087
12; 2; 52; 0.127663; -0.0700773; 1.96655; 48.0896; -159.232; 9.726
12; 3; 57; 0.125724; -0.0663709; 1.97316; 48.4028; -159.573; 11.4501
12; 4; 57; 0.122041; -0.0689493; 1.97317; 48.3818; -160.513; 10.3631
12; 5; 60; 0.121592; -0.0757569; 1.99737; 47.2114; -161.002; 10.9922
12; 6; 63; 0.12421; -0.0708309; 1.97026; 47.7074; -159.99; 10.6734
12; 7; 57; 0.149375; -0.062516; 1.92276; 47.4231; -152.933; 11.481
12; 8; 57; 0.119545; -0.0662423; 1.98996; 49.0687; -161.621; 12.2024
12; 9; 64; 0.122834; -0.086182; 1.93656; 41.7201; -161.76; 13.7199
12; 10; 59; 0.0924246; -0.0703981; 1.96245; 48.3153; -168.586; 10.4137
12; 11; 58; 0.110303; -0.0687334; 1.98347; 49.5423; -163.747; 9.8819
12; 12; 57; 0.114366; -0.0899426; 2.00166; 44.0862; -164.361; 10.3349
12; 13; 56; 0.121951; -0.072894; 1.98613; 47.6946; -161.339; 9.47588
12; 14; 61; 0.121333; -0.0706361; 1.98266; 48.431; -160.804; 10.3428
12; 15; 59; 0.118302; -0.0805398; 2.03043; 47.777; -160.652; 11.4404
12; 16; 63; 0.11692; -0.0752615; 2.00303; 47.88; -162.538; 10.5157
12; 17; 66; 0.0994654; -0.0520677; 1.94159; 54.2884; -166.225; 8.52017
12; 18; 68; 0.119685; -0.0711159; 1.98121; 48.2657; -161.33; 10.223
12; 19; 60; 0.120782; -0.0689854; 1.97675; 49.0785; -161.036; 9.78645
12; 20; 59; 0.125133; -0.0705763; 1.95079; 47.2182; -160.046; 11.4442
12; Median: 59; 0.121592; -0.0705763; 1.97806; 10.4137; -161.002; 48.0896
12; Mean: 59.5; 0.119965; -0.0714646; 1.9754; 10.6648; -161.359; 47.9248
12; Range: 16; 0.0569505; 0.0378749; 0.107672; 5.19977; 15.6533; 12.5683
12; Stdev: 3.68103; 0.0108902; 0.00777776; 0.024252; 1.07904; 2.98723; 2.2512
13; 1; 40; 0.158982; -0.151636; 2.0816; 41.7302; -157.958; 11.801
13; 2; 47; 0.147093; -0.142756; 2.08367; 46.1171; -161.816; 10.7001
13; 3; 46; 0.141934; -0.134466; 2.06483; 46.9865; -162.476; 12.352
13; 4; 52; 0.149467; -0.139612; 2.086; 47.2622; -160.698; 10.1703
13; 5; 45; 0.162157; -0.136215; 2.08409; 48.1606; -157.763; 8.62268
13; 6; 39; 0.170815; -0.13869; 2.02345; 43.7504; -156.326; 8.61216
13; 7; 46; 0.142806; -0.126962; 2.07026; 50.1965; -161.901; 11.2097
13; 8; 51; 0.14862; -0.137089; 2.06843; 47.4361; -160.881; 11.2413
13; 9; 47; 0.136864; -0.127314; 2.05574; 48.9967; -162.077; 12.0951
13; 10; 44; 0.166216; -0.0884845; 1.8924; 48.8575; -151.702; 15.3362
13; 11; 51; 0.157834; -0.140588; 2.09567; 46.9428; -158.425; 9.81657
13; 12; 38; 0.143092; -0.14213; 2.09676; 47.5505; -162.862; 9.85737
13; 13; 51; 0.129354; -0.154224; 2.02017; 41.9699; -167.277; 12.0406
13; 14; 38; 0.141123; -0.191701; 2.14479; 35.6929; -165.296; 13.3277
13; 15; 39; 0.148211; -0.128569; 2.04945; 48.0865; -160.449; 8.81025
13; 16; 38; 0.144398; -0.143115; 2.09353; 46.7743; -162.74; 10.7041
13; 17; 49; 0.143827; -0.127129; 2.08592; 51.242; -161.944; 9.32679
13; 18; 46; 0.162862; -0.125144; 1.99528; 45.4207; -157.103; 8.7223
13; 19; 42; 0.146517; -0.129863; 2.07786; 50.3802; -160.846; 9.64688
13; 20; 51; 0.162301; -0.132782; 2.07931; 47.2295; -155.533; 12.8185
13; Median: 46; 0.148211; -0.136215; 2.07931; 10.7041; -160.846; 47.2622
13; Mean: 45; 0.150224; -0.136923; 2.06246; 10.8606; -160.304; 46.5392
13; Range: 14; 0.0414613; 0.103216; 0.252392; 6.72399; 15.5757; 15.5491
13; Stdev: 4.86826; 0.0105817; 0.0181046; 0.0499974; 1.75402; 3.46803; 3.46973
14; 1; 49; 0.0592468; -0.131714; 2.07936; 59.4691; -174.584; 6.38257
14; 2; 49; 0.0942111; -0.151874; 2.12724; 51.2591; -161.28; 8.69007
14; 3; 46; 0.104096; -0.171688; 2.13943; 42.1705; -157.986; 12.2849
14; 4; 52; 0.109048; -0.170955; 2.11535; 40.5701; -156.845; 13.4887
14; 5; 56; 0.0937718; -0.154751; 2.11878; 49.5096; -161.77; 9.31164
14; 6; 44; 0.103511; -0.179512; 2.16003; 41.1266; -159.557; 12.236
14; 7; 52; 0.09511; -0.166868; 2.15346; 46.8417; -161.584; 10.4397
14; 8; 44; 0.0854076; -0.149861; 2.12108; 50.419; -163.74; 8.52185
14; 9; 42; -0.00720087; -0.119625; 1.9016; 49.3439; 158.869; 2.34084
14; 10; 45; 0.0912947; -0.147012; 2.07611; 46.0121; -156.943; 14.2941
14; 11; 48; 0.0929553; -0.164164; 2.16258; 48.2352; -162.058; 10.2616
14; 12; 46; 0.0856462; -0.146296; 2.09535; 50.4378; -161.079; 11.3848
14; 13; 48; 0.0885236; -0.171982; 2.19936; 47.2613; -160.524; 12.398
14; 14; 50; 0.0919154; -0.149367; 2.12306; 52.001; -162.211; 8.46246
14; 15; 45; 0.0917124; -0.149139; 2.09761; 51.311; -162.545; 8.46664
14; 16; 52; 0.0399457; -0.651675; 1.97037; 107.059; 14.51; 178.768
14; 17; 43; 0.0860155; -0.151335; 2.12293; 50.1978; -161.542; 10.8826
14; 18; 50; 0.0947606; -0.161543; 2.13858; 47.8425; -161.904; 9.62514
14; 19; 43; 0.0694281; -0.14614; 2.08518; 51.662; -167.651; 9.01614
14; 20; 48; 0.0992909; -0.159062; 2.13212; 48.9531; -159.911; 9.5326
14; Median: 48; 0.0919154; -0.151874; 2.12293; 10.2616; -161.28; 49.5096
14; Mean: 47.6; 0.0834345; -0.179728; 2.10598; 18.3394; -137.017; 51.5841
14; Range: 14; 0.116249; 0.53205; 0.297763; 176.427; 333.453; 66.4887
14; Stdev: 3.62491; 0.0259293; 0.109154; 0.06475; 36.8941; 78.0723; 13.3745
15; 1; 36; 0.098825; -0.248288; 2.23915; 50.0473; -161.898; 9.40962
15; 2; 42; 0.0970389; -0.233471; 2.19075; 51.3668; -162.053; 8.57648
15; 3; 35; 0.1229; -0.227856; 2.14793; 49.4549; -154.029; 13.5167
15; 4; 39; 0.0989432; -0.246328; 2.23086; 50.2431; -162.413; 8.94084
15; 5; 36; 0.101462; -0.259364; 2.24711; 47.0114; -161.711; 10.2301
15; 6; 36; 0.070886; -0.287823; 2.37339; 45.4926; -170.282; 11.8143
15; 7; 42; 0.100283; -0.244373; 2.22707; 51.3918; -161.296; 9.04504
15; 8; 37; 0.0870397; -0.283306; 2.35097; 45.0942; -167.473; 8.59736
15; 9; 38; 0.0323103; -0.227744; 2.20854; 55.9104; -178.273; 5.85127
15; 10; 34; 0.0967272; -0.279679; 2.31716; 44.4303; -163.285; 10.8571
15; 11; 36; 0.113689; -0.246479; 2.30509; 55.3302; -155.262; 8.37389
15; 12; 37; 0.0914828; -0.252349; 2.25183; 49.5611; -163.338; 10.2549
15; 13; 39; 0.102731; -0.235247; 2.18234; 50.7902; -160.909; 8.41591
15; 14; 33; 0.101338; -0.259573; 2.24835; 46.9864; -161.657; 10.5562
15; 15; 30; 0.0804381; -0.239948; 2.20113; 49.0408; -165.164; 12.3199
15; 16; 40; 0.0921751; -0.257269; 2.26228; 47.4939; -163.619; 11.1675
15; 17; 42; 0.112766; -0.259879; 2.222; 43.7542; -159.085; 10.4926
15; 18; 39; 0.0960923; -0.275001; 2.31127; 45.5151; -162.515; 11.3652
15; 19; 30; 0.110254; -0.244569; 2.2042; 46.9748; -160.649; 7.63232
15; 20; 41; 0.0995395; -0.253707; 2.24823; 49.7291; -161.935; 9.28482
15; Median: 37; 0.0989432; -0.248288; 2.24711; 10.2301; -161.935; 49.4549
15; Mean: 37.1; 0.0953461; -0.253113; 2.24848; 9.8351; -162.842; 48.7809
15; Range: 12; 0.0905898; 0.0600792; 0.225462; 7.66547; 24.244; 12.1562
15; Stdev: 3.49142; 0.0183161; 0.0171298; 0.0562792; 1.73187; 4.93371; 3.22157
16; 1; 24; 0.163062; -0.304057; 2.31335; 52.7511; -163.858; 10.8481
16; 2; 27; 0.197521; -0.330611; 2.28351; 41.5087; -156.06; 13.2452
16; 3; 26; 0.200547; -0.244986; 2.09998; 59.0071; -148.33; 9.72308
16; 4; 32; 0.169719; -0.220318; 2.18619; 73.6851; -158.101; 2.81159
16; 5; 27; 0.169048; -0.27234; 2.2084; 56.0735; -161.2; 7.05892
16; 6; 23; 0.177586; -0.341117; 2.37543; 44.1966; -162.683; 11.1218
16; 7; 23; 0.182524; -0.323283; 2.33917; 46.649; -160.368; 12.0814
16; 8; 27; 0.200635; -0.317236; 2.21171; 40.3784; -153.907; 14.0523
16; 9; 29; 0.172485; -0.309873; 2.29606; 49.2901; -161.566; 10.6908
16; 10; 26; 0.187386; -0.319338; 2.40444; 51.3258; -154.339; 12.7897
16; 11; 23; 0.16808; -0.249182; 2.17839; 62.1821; -160.052; 4.99414
16; 12; 28; 0.0884787; -0.107854; 2.03866; 126.164; 179.955; 3.3538
16; 13; 27; 0.186571; -0.293221; 2.22262; 47.3666; -157.222; 9.65551
16; 14; 31; 0.149616; -0.330896; 2.41862; 50.0998; -170.871; 10.5368
16; 15; 28; 0.19126; -0.333858; 2.36877; 43.7056; -158.933; 15.7478
16; 16; 24; 0.179303; -0.309991; 2.35555; 48.7113; -159.153; 17.0838
16; 17; 28; 0.211165; -0.341316; 2.33757; 29.0744; -145.977; 24.537
16; 18; 29; 0.189683; -0.350305; 2.41895; 43.5116; -159.694; 11.676
16; 19; 24; 0.146878; -0.256004; 2.14766; 60.0959; -166.83; 7.90551
16; 20; 24; 0.123678; -0.208935; 1.9795; 75.819; -177.7; 5.52097
16; Median: 27; 0.179303; -0.309873; 2.29606; 10.8481; -159.153; 50.0998
16; Mean: 26.5; 0.172761; -0.288236; 2.25923; 10.7717; -142.844; 55.0798
16; Range: 9; 0.122686; 0.242451; 0.439449; 21.7254; 357.656; 97.0896
16; Stdev: 2.57876; 0.0280079; 0.0581132; 0.123884; 4.90637; 74.3702; 19.53
17; 1; 20; 0.127095; -0.306821; 2.23004; 56.2499; -154.866; 4.90952
17; 2; 27; 0.115346; -0.367775; 2.38329; 46.7576; -162.564; 8.89367
17; 3; 24; 0.109521; -0.361795; 2.36763; 49.662; -161.899; 10.2193
17; 4; 20; 0.134219; -0.347048; 2.25889; 48.7243; -155.305; 7.71783
17; 5; 26; 0.112336; -0.358938; 2.37879; 52.6622; -161; 8.70447
17; 6; 21; 0.00646359; -0.170502; 2.09545; 115.956; 157.314; 4.54195
17; 7; 22; 0.111047; -0.353034; 2.27168; 46.9269; -161.778; 10.4465
17; 8; 22; 0.0128692; -0.167992; 2.09369; 118.731; 159.218; 4.5967
17; 9; 24; 0.0151338; -0.161703; 2.04751; 118.652; 156.766; 3.12627
17; 10; 29; 0.0952401; -0.328624; 2.28633; 56.2752; -166.228; 7.56436
17; 11; 21; 0.169195; -0.351422; 2.21255; 39.3909; -145.685; 16.5624
17; 12; 25; 0.116512; -0.355806; 2.35266; 48.2419; -161.747; 7.72895
17; 13; 28; 0.0896695; -0.348265; 2.35589; 54.9087; -164.21; 10.6052
17; 14; 26; 0.0866926; -0.326875; 2.28355; 58.2763; -168.579; 8.07796
17; 15; 19; 0.100652; -0.357099; 2.36535; 50.1606; -163.411; 10.3425
17; 16; 20; 0.119751; -0.372726; 2.36686; 42.0829; -162.377; 9.30881
17; 17; 19; 0.0905609; -0.348761; 2.35964; 55.685; -168.48; 7.47498
17; 18; 21; 0.0975748; -0.3518; 2.2796; 48.3696; -167.461; 10.7851
17; 19; 25; 0.160593; -0.337196; 2.37262; 53.9255; -149.121; 14.8192
17; 20; 25; 0.116125; -0.375547; 2.39333; 46.5933; -159.437; 12.5284
17; Median: 24; 0.111047; -0.348761; 2.35266; 8.89367; -161.747; 52.6622
17; Mean: 23.2; 0.0993297; -0.322487; 2.28777; 8.9477; -113.042; 60.4115
17; Range: 10; 0.162731; 0.213844; 0.345827; 13.4361; 327.797; 79.3401
17; Stdev: 3.00998; 0.0423223; 0.0672675; 0.102706; 3.2694; 113.907; 24.5553
18; 1; 19; 0; 0; 0; 0; -0; 0
18; 2; 15; 0; 0; 0; 0; -0; 0
18; 3; 16; 0.148628; -0.414972; 2.42596; 57.1989; -163.476; 3.43216
18; 4; 15; -0.0754015; 0.00707612; 0.705986; 103.125; -94.9357; 86.2735
18; 5; 13; 0.0518431; -0.246895; 2.17074; 112.796; 162.821; 4.55078
18; 6; 15; -0.0433652; -0.361684; 1.90985; -130.352; 50.1847; 178.55
18; 7; 14; 0.178036; -0.444194; 2.29696; 36.5585; -157.003; 18.0192
18; 8; 16; 0; 0; 0; 0; -0; 0
18; 9; 16; 0.120964; -0.40275; 2.24271; 48.9082; -168.236; 8.04662
18; 10; 12; 0.123786; -0.29378; 1.00973; -6.66477; -119.09; 24.9761
18; 11; 19; 0.09272; -0.375741; 2.04295; 49.9146; -174.585; 9.83425
18; 12; 17; 0; 0; 0; 0; -0; 0
18; 13; 16; 0.0295077; -0.304731; 2.13523; 132.368; 71.5831; 45.9593
18; 14; 21; 0.149541; -0.373977; 2.44083; 78.8552; -159.823; 5.23678
18; 15; 14; 0; 0; 0; 0; -0; 0
18; 16; 16; 0; 0; 0; 0; -0; 0
18; 17; 16; 0.153033; -0.0711147; 0.931504; 69.857; -114.011; 35.1117
18; 18; 17; 0.127663; -0.395266; 2.2908; 52.3958; -166.523; 4.61088
18; 19; 16; 0.155946; -0.447458; 2.46214; 47.5801; -161.531; 12.5562
18; 20; 14; 0.179045; -0.442376; 2.29649; 38.3832; -156.194; 17.1021
18; Median: 16; 0.09272; -0.29378; 2.04295; 8.04662; -94.9357; 47.5801
18; Mean: 15.85; 0.0695973; -0.228393; 1.36809; 22.713; -67.541; 34.5462
18; Range: 9; 0.254446; 0.454534; 2.46214; 178.55; 337.406; 262.72
18; Stdev: 2.05609; 0.0790708; 0.186773; 1.01924; 41.2262; 98.2423; 55.2805
19; 1; 14; 0.0478651; -0.176473; 1.79662; 125.422; -172.005; 3.32174
19; 2; 13; 0.157769; -0.484662; 2.49032; 47.5973; -162.187; 11.7969
19; 3; 14; 0.160245; -0.481354; 2.50707; 51.2104; -160.728; 10.5719
19; 4; 18; 0; 0; 0; 0; -0; 0
19; 5; 17; 0; 0; 0; 0; -0; 0
19; 6; 17; 0.0359411; -0.365255; 2.52439; 101.028; 155.452; 3.16365
19; 7; 18; 0; 0; 0; 0; -0; 0
19; 8; 17; 0; 0; 0; 0; -0; 0
19; 9; 13; 0; 0; 0; 0; -0; 0
19; 10; 15; 0.151226; -0.474484; 2.4483; 49.7063; -166.283; 11.0806
19; 11; 13; 0.162498; -0.447701; 2.44951; 58.5894; -160.163; 11.4336
19; 12; 20; 0.159275; -0.47464; 2.46818; 50.8824; -161.896; 10.0178
19; 13; 11; 0.163514; -0.482569; 2.36934; 39.4184; -160.261; 11.6999
19; 14; 18; 0.169626; -0.498105; 2.55176; 46.9763; -159.292; 13.6484
19; 15; 16; 0.0821247; -0.352708; 2.36134; 85.0214; 175.232; 1.2882
19; 16; 17; 0.0714248; -0.297126; 2.32339; 118.764; 174.687; 8.19144
19; 17; 19; 0.0722947; -0.348261; 2.50996; 111.795; 164.186; 2.93763
19; 18; 9; 0.0533535; -0.285587; 2.23511; 115.488; 155.679; 2.74979
19; 19; 15; 0.159839; -0.479382; 2.50549; 52.3748; -161.921; 9.48272
19; 20; 16; 0.0589717; -0.306129; 2.32276; 115.774; 161.71; 6.30842
19; Median: 16; 0.0722947; -0.348261; 2.36934; 6.30842; -0; 51.2104
19; Mean: 15.5; 0.0852984; -0.297722; 1.79318; 5.88464; -23.8894; 58.5024
19; Range: 11; 0.169626; 0.498105; 2.55176; 13.6484; 347.237; 125.422
19; Stdev: 2.71109; 0.0662324; 0.190955; 1.04718; 4.85332; 139.612; 43.5566
20; 1; 9; 0; 0; 0; 0; -0; 0
20; 2; 20; 0.0346685; -0.524348; 2.41705; 47.5751; -179.24; 7.63555
20; 3; 12; 0; 0; 0; 0; -0; 0
20; 4; 26; 0.0507153; -0.474846; 2.46073; 66.3619; -174.541; 2.83466
20; 5; 17; 0; 0; 0; 0; -0; 0
20; 6; 19; 0; 0; 0; 0; -0; 0
20; 7; 18; 0.0904669; -0.53967; 2.55078; 51.2179; -164.455; 8.93564
20; 8; 21; 0.0795743; -0.517676; 2.46223; 52.255; -166.649; 8.00053
20; 9; 19; 0; 0; 0; 0; -0; 0
20; 10; 20; 0; 0; 0; 0; -0; 0
20; 11; 21; 0.0878323; -0.54209; 2.55474; 50.4437; -164.342; 9.46151
20; 12; 16; 0; 0; 0; 0; -0; 0
20; 13; 16; 0; 0; 0; 0; -0; 0
20; 14; 19; 0.0949643; -0.548903; 2.58281; 49.9709; -163.464; 9.46643
20; 15; 16; 0.0804203; -0.608763; 2.77927; 45.5226; -168.209; 10.3217
20; 16; 20; 0.138465; -0.622493; 3.01073; -120.847; -24.7172; 171.147
20; 17; 23; 0; 0; 0; 0; -0; 0
20; 18; 14; 0.104304; -0.492437; 2.46768; 79.8417; -129.938; 1.65667
20; 19; 12; 0; 0; 0; 0; -0; 0
20; 20; 16; 0; 0; 0; 0; -0; 0
20; Median: 19; 0; 0; 0; 0; -0; 0
20; Mean: 17.7; 0.0380706; -0.243561; 1.1643; 11.473; -66.7778; 16.1171
20; Range: 17; 0.138465; 0.622493; 3.01073; 171.147; 179.24; 200.688
20; Stdev: 3.9128; 0.0461275; 0.271012; 1.29287; 36.8493; 79.9191; 41.7843
21; 1; 18; 0; 0; 0; 0; -0; 0
21; 2; 21; 0; 0; 0; 0; -0; 0
21; 3; 14; 0; 0; 0; 0; -0; 0
21; 4; 24; 0; 0; 0; 0; -0; 0
21; 5; 15; 0.120353; -0.631745; 2.72748; 47.9635; -161.991; 10.2986
21; 6; 15; 0.120211; -0.636971; 2.73741; 47.093; -161.994; 11.0814
21; 7; 20; 0; 0; 0; 0; -0; 0
21; 8; 15; 0; 0; 0; 0; -0; 0
21; 9; 20; 0.064647; -0.440271; 2.10803; 67.7833; -139.66; 1.96206
21; 10; 22; 0; 0; 0; 0; -0; 0
21; 11; 24; 0; 0; 0; 0; -0; 0
21; 12; 22; 0; 0; 0; 0; -0; 0
21; 13; 20; 0; 0; 0; 0; -0; 0
21; 14; 21; 0.12061; -0.589495; 2.65823; -105.255; -18.7019; 176.187
21; 15; 14; 0; 0; 0; 0; -0; 0
21; 16; 22; 0; 0; 0; 0; -0; 0
21; 17; 18; 0; 0; 0; 0; -0; 0
21; 18; 14; 0; 0; 0; 0; -0; 0
21; 19; 18; 0.00186454; -0.620304; 2.93139; 131.663; 72.132; 45.6777
21; 20; 18; 0; 0; 0; 0; -0; 0
21; Median: 20; 0; 0; 0; 0; -0; 0
21; Mean: 18.75; 0.0213843; -0.145939; 0.658127; 12.2603; -20.5107; 9.46241
21; Range: 10; 0.12061; 0.636971; 2.93139; 176.187; 234.126; 236.918
21; Stdev: 3.26917; 0.0438858; 0.25544; 1.14832; 38.9582; 58.7907; 42.2705
22; 1; 24; 0; 0; 0; 0; -0; 0
22; 2; 15; 0; 0; 0; 0; -0; 0
22; 3; 24; 0; 0; 0; 0; -0; 0
22; 4; 19; 0; 0; 0; 0; -0; 0
22; 5; 25; 0; 0; 0; 0; -0; 0
22; 6; 23; 0.0880245; -0.628766; 2.81478; 69.4202; -163.911; 9.60178
22; 7; 26; 0; 0; 0; 0; -0; 0
22; 8; 16; 0.0592341; -0.400909; 2.22325; 109.726; -153.601; 12.6299
22; 9; 20; 0.100148; -0.437226; 2.25281; 89.0846; -141.844; 17.9808
22; 10; 23; 0.123462; -0.55583; 2.22894; 44.4671; -150.434; 14.3008
22; 11; 21; 0.10037; -0.59375; 2.76922; 72.5269; -149.437; 24.3072
22; 12; 22; 0; 0; 0; 0; -0; 0
22; 13; 22; 0.130542; -0.49233; 2.29939; 71.7196; -144.035; 12.2862
22; 14; 22; -0.0715022; 0.00197375; 0.564164; 155.602; -140.046; 35.177
22; 15; 32; 0; 0; 0; 0; -0; 0
22; 16; 25; 0; 0; 0; 0; -0; 0
22; 17; 26; 0.133302; -0.703982; 2.6954; 33.8306; -155.341; 15.2532
22; 18; 22; 0; 0; 0; 0; -0; 0
22; 19; 28; 0.0996833; -0.683326; 2.72802; 46.53; -165.231; 12.2178
22; 20; 18; 0.0698639; -0.656838; 2.9595; 73.7378; -165.473; 16.705
22; Median: 23; 0; 0; 0.564164; 9.60178; -0; 33.8306
22; Mean: 22.65; 0.0416564; -0.257549; 1.17677; 8.52298; -76.4676; 38.3322
22; Range: 17; 0.204805; 0.705956; 2.9595; 35.177; 165.473; 155.602
22; Stdev: 3.88941; 0.0577233; 0.293125; 1.26398; 9.91692; 76.7359; 45.1375
23; 1; 18; 0; 0; 0; 0; -0; 0
23; 2; 16; 0; 0; 0; 0; -0; 0
23; 3; 22; 0; 0; 0; 0; -0; 0
23; 4; 17; 0; 0; 0; 0; -0; 0
23; 5; 24; 0; 0; 0; 0; -0; 0
23; 6; 18; 0; 0; 0; 0; -0; 0
23; 7; 19; 0; 0; 0; 0; -0; 0
23; 8; 21; 0; 0; 0; 0; -0; 0
23; 9; 27; 0.0356421; -0.699825; 2.5937; 43.0358; -177.079; 9.89107
23; 10; 18; 0; 0; 0; 0; -0; 0
23; 11; 21; 0; 0; 0; 0; -0; 0
23; 12; 18; 0; 0; 0; 0; -0; 0
23; 13; 20; 0; 0; 0; 0; -0; 0
23; 14; 14; 0; 0; 0; 0; -0; 0
23; 15; 22; 0; 0; 0; 0; -0; 0
23; 16; 15; 0; 0; 0; 0; -0; 0
23; 17; 19; 0; 0; 0; 0; -0; 0
23; 18; 18; 0; 0; 0; 0; -0; 0
23; 19; 22; 0; 0; 0; 0; -0; 0
23; 20; 22; 0; 0; 0; 0; -0; 0
23; Median: 19; 0; 0; 0; 0; -0; 0
23; Mean: 19.55; 0.0017821; -0.0349912; 0.129685; 0.494554; -8.85393; 2.15179
23; Range: 13; 0.0356421; 0.699825; 2.5937; 9.89107; 177.079; 43.0358
23; Stdev: 3.05737; 0.00776801; 0.152523; 0.565283; 2.15571; 38.5934; 9.37944
24; 1; 18; 0; 0; 0; 0; -0; 0
24; 2; 19; 0; 0; 0; 0; -0; 0
24; 3; 20; 0; 0; 0; 0; -0; 0
24; 4; 25; 0; 0; 0; 0; -0; 0
24; 5; 21; 0; 0; 0; 0; -0; 0
24; 6; 22; 0; 0; 0; 0; -0; 0
24; 7; 27; 0; 0; 0; 0; -0; 0
24; 8; 26; 0; 0; 0; 0; -0; 0
24; 9; 24; 0.142661; -0.801351; 3.07943; 70.5085; -162.743; 13.6296
24; 10; 23; 0; 0; 0; 0; -0; 0
24; 11; 16; 0; 0; 0; 0; -0; 0
24; 12; 17; 0; 0; 0; 0; -0; 0
24; 13; 22; 0.0867119; -0.865681; 3.06687; 52.5668; 170.907; 1.16273
24; 14; 28; 0; 0; 0; 0; -0; 0
24; 15; 23; 0; 0; 0; 0; -0; 0
24; 16; 19; 0; 0; 0; 0; -0; 0
24; 17; 23; 0; 0; 0; 0; -0; 0
24; 18; 27; 0; 0; 0; 0; -0; 0
24; 19; 15; 0; 0; 0; 0; -0; 0
24; 20; 20; 0; 0; 0; 0; -0; 0
24; Median: 22; 0; 0; 0; 0; -0; 0
24; Mean: 21.75; 0.0114687; -0.0833516; 0.307315; 0.739614; 0.408212; 6.15377
24; Range: 13; 0.142661; 0.865681; 3.07943; 13.6296; 333.65; 70.5085
24; Stdev: 3.67253; 0.0355251; 0.250262; 0.921948; 2.96796; 52.7689; 18.678
25; 1; 22; 0; 0; 0; 0; -0; 0
25; 2; 24; 0; 0; 0; 0; -0; 0
25; 3; 26; 0; 0; 0; 0; -0; 0
25; 4; 24; 0; 0; 0; 0; -0; 0
25; 5; 19; 0; 0; 0; 0; -0; 0
25; 6; 27; 0; 0; 0; 0; -0; 0
25; 7; 22; 0.163589; -0.98362; 3.41912; 68.1796; -160.457; 0.87936
25; 8; 17; 0.133939; -0.901435; 3.0708; 52.4448; -168.874; 6.13463
25; 9; 29; 0.152894; -0.843121; 2.95198; 58.2223; -160.275; 8.87958
25; 10; 19; 0; 0; 0; 0; -0; 0
25; 11; 23; 0; 0; 0; 0; -0; 0
25; 12; 17; 0.138963; -0.8482; 2.90591; 52.4418; -163.881; 8.9429
25; 13; 22; 0; 0; 0; 0; -0; 0
25; 14; 20; 0.0117068; 0.0646857; 0.634545; 93.4286; 148.805; 48.3337
25; 15; 18; 0; 0; 0; 0; -0; 0
25; 16; 23; 0; 0; 0; 0; -0; 0
25; 17; 20; 0; 0; 0; 0; -0; 0
25; 18; 21; 0; 0; 0; 0; -0; 0
25; 19; 21; 0; 0; 0; 0; -0; 0
25; 20; 16; 0; 0; 0; 0; -0; 0
25; Median: 22; 0; 0; 0; 0; -0; 0
25; Mean: 21.5; 0.0300546; -0.175585; 0.649117; 3.65851; -25.2341; 16.2359
25; Range: 13; 0.163589; 1.04831; 3.41912; 48.3337; 317.678; 93.4286
25; Stdev: 3.3541; 0.058932; 0.360415; 1.22992; 10.6435; 76.229; 29.1511
26; 1; 24; 0; 0; 0; 0; -0; 0
26; 2; 24; 0; 0; 0; 0; -0; 0
26; 3; 22; 0; 0; 0; 0; -0; 0
26; 4; 24; 0; 0; 0; 0; -0; 0
26; 5; 27; 0; 0; 0; 0; -0; 0
26; 6; 22; 0; 0; 0; 0; -0; 0
26; 7; 17; 0; 0; 0; 0; -0; 0
26; 8; 19; 0; 0; 0; 0; -0; 0
26; 9; 17; 0; 0; 0; 0; -0; 0
26; 10; 21; 0.123241; -0.875427; 3.02052; 66.2834; -158.492; 12.6117
26; 11; 18; 0; 0; 0; 0; -0; 0
26; 12; 20; 0; 0; 0; 0; -0; 0
26; 13; 28; 0.130211; -0.874846; 2.23362; -70.2867; -136.648; 60.6338
26; 14; 20; 0.137643; -0.84518; 2.91183; 64.6988; -149.747; 14.1029
26; 15; 22; 0; 0; 0; 0; -0; 0
26; 16; 20; 0; 0; 0; 0; -0; 0
26; 17; 23; 0; 0; 0; 0; -0; 0
26; 18; 24; 0; 0; 0; 0; -0; 0
26; 19; 21; 0; 0; 0; 0; -0; 0
26; 20; 20; 0; 0; 0; 0; -0; 0
26; Median: 22; 0; 0; 0; 0; -0; 0
26; Mean: 21.65; 0.0195547; -0.129773; 0.408299; 4.36742; -22.2444; 3.03477
26; Range: 11; 0.137643; 0.875427; 3.02052; 60.6338; 158.492; 136.57
26; Stdev: 2.90302; 0.0466053; 0.308969; 0.981254; 13.5147; 53.0661; 25.8219
27; 1; 27; 0; 0; 0; 0; -0; 0
27; 2; 15; 0; 0; 0; 0; -0; 0
27; 3; 18; 0; 0; 0; 0; -0; 0
27; 4; 20; 0; 0; 0; 0; -0; 0
27; 5; 20; 0; 0; 0; 0; -0; 0
27; 6; 22; 0; 0; 0; 0; -0; 0
27; 7; 14; 0; 0; 0; 0; -0; 0
27; 8; 16; 0; 0; 0; 0; -0; 0
27; 9; 20; 0; 0; 0; 0; -0; 0
27; 10; 19; 0; 0; 0; 0; -0; 0
27; 11; 16; 0; 0; 0; 0; -0; 0
27; 12; 17; 0; 0; 0; 0; -0; 0
27; 13; 22; 0; 0; 0; 0; -0; 0
27; 14; 22; 0; 0; 0; 0; -0; 0
27; 15; 20; 0; 0; 0; 0; -0; 0
27; 16; 21; 0; 0; 0; 0; -0; 0
27; 17; 13; 0; 0; 0; 0; -0; 0
27; 18; 16; 0; 0; 0; 0; -0; 0
27; 19; 19; 0; 0; 0; 0; -0; 0
27; 20; 15; 0; 0; 0; 0; -0; 0
27; Median: 19; 0; 0; 0; 0; -0; 0
27; Mean: 18.6; 0; 0; 0; 0; 0; 0
27; Range: 14; 0; 0; 0; 0; 0; 0
27; Stdev: 3.32265; 0; 0; 0; 0; 0; 0
28; 1; 10; 0; 0; 0; 0; -0; 0
28; 2; 9; 0; 0; 0; 0; -0; 0
28; 3; 18; 0; 0; 0; 0; -0; 0
28; 4; 13; 0; 0; 0; 0; -0; 0
28; 5; 18; 0; 0; 0; 0; -0; 0
28; 6; 18; 0; 0; 0; 0; -0; 0
28; 7; 14; 0; 0; 0; 0; -0; 0
28; 8; 16; 0; 0; 0; 0; -0; 0
28; 9; 12; 0; 0; 0; 0; -0; 0
28; 10; 14; 0; 0; 0; 0; -0; 0
28; 11; 11; 0; 0; 0; 0; -0; 0
28; 12; 15; 0; 0; 0; 0; -0; 0
28; 13; 15; 0; 0; 0; 0; -0; 0
28; 14; 17; -0.124468; -0.0934014; 0.497637; 51.013; -121.961; 134.156
28; 15; 17; 0; 0; 0; 0; -0; 0
28; 16; 17; 0; 0; 0; 0; -0; 0
28; 17; 18; 0; 0; 0; 0; -0; 0
28; 18; 15; 0; 0; 0; 0; -0; 0
28; 19; 12; 0; 0; 0; 0; -0; 0
28; 20; 18; 0; 0; 0; 0; -0; 0
28; Median: 15; 0; 0; 0; 0; -0; 0
28; Mean: 14.85; -0.0062234; -0.00467007; 0.0248819; 6.70778; -6.09806; 2.55065
28; Range: 9; 0.124468; 0.0934014; 0.497637; 134.156; 121.961; 51.013
28; Stdev: 2.81558; 0.0271272; 0.0203564; 0.108458; 29.2385; 26.5808; 11.118
29; 1; 13; 0; 0; 0; 0; -0; 0
29; 2; 14; 0; 0; 0; 0; -0; 0
29; 3; 12; 0; 0; 0; 0; -0; 0
29; 4; 15; 0; 0; 0; 0; -0; 0
29; 5; 16; 0; 0; 0; 0; -0; 0
29; 6; 12; 0; 0; 0; 0; -0; 0
29; 7; 14; 0; 0; 0; 0; -0; 0
29; 8; 19; 0; 0; 0; 0; -0; 0
29; 9; 16; 0; 0; 0; 0; -0; 0
29; 10; 15; 0; 0; 0; 0; -0; 0
29; 11; 14; 0; 0; 0; 0; -0; 0
29; 12; 6; 0; 0; 0; 0; -0; 0
29; 13; 11; 0; 0; 0; 0; -0; 0
29; 14; 11; 0; 0; 0; 0; -0; 0
29; 15; 17; 0; 0; 0; 0; -0; 0
29; 16; 14; 0; 0; 0; 0; -0; 0
29; 17; 16; 0; 0; 0; 0; -0; 0
29; 18; 16; 0; 0; 0; 0; -0; 0
29; 19; 9; 0; 0; 0; 0; -0; 0
29; 20; 11; 0; 0; 0; 0; -0; 0
29; Median: 14; 0; 0; 0; 0; -0; 0
29; Mean: 13.55; 0; 0; 0; 0; 0; 0
29; Range: 13; 0; 0; 0; 0; 0; 0
29; Stdev: 2.94066; 0; 0; 0; 0; 0; 0
30; 1; 11; 0; 0; 0; 0; -0; 0
30; 2; 9; 0; 0; 0; 0; -0; 0
30; 3; 10; 0; 0; 0; 0; -0; 0
30; 4; 11; 0; 0; 0; 0; -0; 0
30; 5; 15; -0.141688; -0.0505202; 0.549697; 131.365; -65.7458; 65.5407
30; 6; 8; 0; 0; 0; 0; -0; 0
30; 7; 14; 0; 0; 0; 0; -0; 0
30; 8; 9; -0.0853551; -0.0602306; 0.717759; -171.365; -74.5686; 6.75795
30; 9; 12; 0; 0; 0; 0; -0; 0
30; 10; 9; 0; 0; 0; 0; -0; 0
30; 11; 9; 0; 0; 0; 0; -0; 0
30; 12; 9; 0; 0; 0; 0; -0; 0
30; 13; 15; 0; 0; 0; 0; -0; 0
30; 14; 13; 0; 0; 0; 0; -0; 0
30; 15; 13; 0; 0; 0; 0; -0; 0
30; 16; 16; 0; 0; 0; 0; -0; 0
30; 17; 10; 0; 0; 0; 0; -0; 0
30; 18; 14; 0; 0; 0; 0; -0; 0
30; 19; 12; 0; 0; 0; 0; -0; 0
30; 20; 11; 0; 0; 0; 0; -0; 0
30; Median: 11; 0; 0; 0; 0; -0; 0
30; Mean: 11.5; -0.0113522; -0.00553754; 0.0633728; 3.61493; -7.01572; -1.99996
30; Range: 8; 0.141688; 0.0602306; 0.717759; 65.5407; 74.5686; 302.73
30; Stdev: 2.35584; 0.035202; 0.0166834; 0.191966; 14.2827; 21.0933; 48.2404
31; 1; 9; 0.315194; 0.200837; 0.143243; -112.968; 140.172; 89.1617
31; 2; 11; 0; 0; 0; 0; -0; 0
31; 3; 9; 0; 0; 0; 0; -0; 0
31; 4; 8; 0; 0; 0; 0; -0; 0
31; 5; 7; 0; 0; 0; 0; -0; 0
31; 6; 8; 0; 0; 0; 0; -0; 0
31; 7; 7; 0; 0; 0; 0; -0; 0
31; 8; 12; 0; 0; 0; 0; -0; 0
31; 9; 8; 0; 0; 0; 0; -0; 0
31; 10; 7; 0; 0; 0; 0; -0; 0
31; 11; 9; 0; 0; 0; 0; -0; 0
31; 12; 12; 0.522912; -0.0688197; 0.936749; -71.3665; 12.3383; 85.3837
31; 13; 8; 0; 0; 0; 0; -0; 0
31; 14; 8; 0; 0; 0; 0; -0; 0
31; 15; 11; 0; 0; 0; 0; -0; 0
31; 16; 11; 0; 0; 0; 0; -0; 0
31; 17; 6; 0; 0; 0; 0; -0; 0
31; 18; 13; 0; 0; 0; 0; -0; 0
31; 19; 14; 0; 0; 0; 0; -0; 0
31; 20; 12; 0; 0; 0; 0; -0; 0
31; Median: 9; 0; 0; 0; 0; -0; 0
31; Mean: 9.5; 0.0419053; 0.00660086; 0.0539996; 8.72727; 7.6255; -9.21675
31; Range: 8; 0.522912; 0.269657; 0.936749; 89.1617; 140.172; 112.968
31; Stdev: 2.24722; 0.129935; 0.0470107; 0.204902; 26.1886; 30.5265; 28.4219
32; 1; 7; 0; 0; 0; 0; -0; 0
32; 2; 12; 0; 0; 0; 0; -0; 0
32; 3; 6; 0; 0; 0; 0; -0; 0
32; 4; 9; 0; 0; 0; 0; -0; 0
32; 5; 13; 0; 0; 0; 0; -0; 0
32; 6; 1; 0; 0; 0; 0; -0; 0
32; 7; 10; 0; 0; 0; 0; -0; 0
32; 8; 6; 0; 0; 0; 0; -0; 0
32; 9; 14; 0; 0; 0; 0; -0; 0
32; 10; 10; 0; 0; 0; 0; -0; 0
32; 11; 12; 0; 0; 0; 0; -0; 0
32; 12; 11; 0; 0; 0; 0; -0; 0
32; 13; 10; 0; 0; 0; 0; -0; 0
32; 14; 8; 0; 0; 0; 0; -0; 0
32; 15; 15; 0; 0; 0; 0; -0; 0
32; 16; 9; 0; 0; 0; 0; -0; 0
32; 17; 7; 0; 0; 0; 0; -0; 0
32; 18; 8; 0; 0; 0; 0; -0; 0
32; 19; 11; 0; 0; 0; 0; -0; 0
32; 20; 6; 0; 0; 0; 0; -0; 0
32; Median: 10; 0; 0; 0; 0; -0; 0
32; Mean: 9.25; 0; 0; 0; 0; 0; 0
32; Range: 14; 0; 0; 0; 0; 0; 0
32; Stdev: 3.20741; 0; 0; 0; 0; 0; 0
33; 1; 10; 0; 0; 0; 0; -0; 0
33; 2; 8; 0; 0; 0; 0; -0; 0
33; 3; 8; 0; 0; 0; 0; -0; 0
33; 4; 9; 0; 0; 0; 0; -0; 0
33; 5; 11; 0; 0; 0; 0; -0; 0
33; 6; 11; 0; 0; 0; 0; -0; 0
33; 7; 12; 0; 0; 0; 0; -0; 0
33; 8; 5; 0; 0; 0; 0; -0; 0
33; 9; 6; 0; 0; 0; 0; -0; 0
33; 10; 10; 0; 0; 0; 0; -0; 0
33; 11; 9; 0; 0; 0; 0; -0; 0
33; 12; 10; 0; 0; 0; 0; -0; 0
33; 13; 6; 0; 0; 0; 0; -0; 0
33; 14; 10; 0; 0; 0; 0; -0; 0
33; 15; 8; 0; 0; 0; 0; -0; 0
33; 16; 9; 0; 0; 0; 0; -0; 0
33; 17; 7; 0; 0; 0; 0; -0; 0
33; 18; 10; 0; 0; 0; 0; -0; 0
33; 19; 9; 0; 0; 0; 0; -0; 0
33; 20; 9; 0; 0; 0; 0; -0; 0
33; Median: 9; 0; 0; 0; 0; -0; 0
33; Mean: 8.85; 0; 0; 0; 0; 0; 0
33; Range: 7; 0; 0; 0; 0; 0; 0
33; Stdev: 1.76847; 0; 0; 0; 0; 0; 0
34; 1; 7; 0; 0; 0; 0; -0; 0
34; 2; 7; 0; 0; 0; 0; -0; 0
34; 3; 12; 0; 0; 0; 0; -0; 0
34; 4; 7; 0; 0; 0; 0; -0; 0
34; 5; 7; 0; 0; 0; 0; -0; 0
34; 6; 10; 0; 0; 0; 0; -0; 0
34; 7; 10; 0; 0; 0; 0; -0; 0
34; 8; 9; 0; 0; 0; 0; -0; 0
34; 9; 9; 0; 0; 0; 0; -0; 0
34; 10; 12; 0; 0; 0; 0; -0; 0
34; 11; 8; 0; 0; 0; 0; -0; 0
34; 12; 6; 0; 0; 0; 0; -0; 0
34; 13; 8; 0; 0; 0; 0; -0; 0
34; 14; 9; 0; 0; 0; 0; -0; 0
34; 15; 10; 0; 0; 0; 0; -0; 0
34; 16; 6; 0; 0; 0; 0; -0; 0
34; 17; 8; 0; 0; 0; 0; -0; 0
34; 18; 11; 0; 0; 0; 0; -0; 0
34; 19; 6; 0; 0; 0; 0; -0; 0
34; 20; 9; 0; 0; 0; 0; -0; 0
34; Median: 9; 0; 0; 0; 0; -0; 0
34; Mean: 8.55; 0; 0; 0; 0; 0; 0
34; Range: 6; 0; 0; 0; 0; 0; 0
34; Stdev: 1.82962; 0; 0; 0; 0; 0; 0
35; 1; 7; 0; 0; 0; 0; -0; 0
35; 2; 7; 0; 0; 0; 0; -0; 0
35; 3; 4; 0; 0; 0; 0; -0; 0
35; 4; 9; 0; 0; 0; 0; -0; 0
35; 5; 11; 0; 0; 0; 0; -0; 0
35; 6; 9; 0; 0; 0; 0; -0; 0
35; 7; 10; 0; 0; 0; 0; -0; 0
35; 8; 7; 0; 0; 0; 0; -0; 0
35; 9; 6; 0; 0; 0; 0; -0; 0
35; 10; 5; 0; 0; 0; 0; -0; 0
35; 11; 10; 0; 0; 0; 0; -0; 0
35; 12; 6; 0; 0; 0; 0; -0; 0
35; 13; 7; 0; 0; 0; 0; -0; 0
35; 14; 10; 0; 0; 0; 0; -0; 0
35; 15; 9; 0; 0; 0; 0; -0; 0
35; 16; 8; 0; 0; 0; 0; -0; 0
35; 17; 5; 0; 0; 0; 0; -0; 0
35; 18; 13; 0; 0; 0; 0; -0; 0
35; 19; 7; 0; 0; 0; 0; -0; 0
35; 20; 8; 0; 0; 0; 0; -0; 0
35; Median: 8; 0; 0; 0; 0; -0; 0
35; Mean: 7.9; 0; 0; 0; 0; 0; 0
35; Range: 9; 0; 0; 0; 0; 0; 0
35; Stdev: 2.18861; 0; 0; 0; 0; 0; 0
36; 1; 11; -0.16522; 0.20141; 0.421801; 116.001; 171.342; 10.0955
36; 2; 8; 0; 0; 0; 0; -0; 0
36; 3; 8; 0; 0; 0; 0; -0; 0
36; 4; 13; 0; 0; 0; 0; -0; 0
36; 5; 17; 0; 0; 0; 0; -0; 0
36; 6; 6; 0; 0; 0; 0; -0; 0
36; 7; 12; 0; 0; 0; 0; -0; 0
36; 8; 9; 0; 0; 0; 0; -0; 0
36; 9; 16; 0; 0; 0; 0; -0; 0
36; 10; 13; 0; 0; 0; 0; -0; 0
36; 11; 8; 0; 0; 0; 0; -0; 0
36; 12; 13; 0; 0; 0; 0; -0; 0
36; 13; 4; 0; 0; 0; 0; -0; 0
36; 14; 11; 0; 0; 0; 0; -0; 0
36; 15; 7; 0; 0; 0; 0; -0; 0
36; 16; 13; 0; 0; 0; 0; -0; 0
36; 17; 13; 0; 0; 0; 0; -0; 0
36; 18; 10; 0; 0; 0; 0; -0; 0
36; 19; 11; 0; 0; 0; 0; -0; 0
36; 20; 15; 0; 0; 0; 0; -0; 0
36; Median: 11; 0; 0; 0; 0; -0; 0
36; Mean: 10.9; -0.00826098; 0.0100705; 0.02109; 0.504775; 8.56709; 5.80003
36; Range: 13; 0.16522; 0.20141; 0.421801; 10.0955; 171.342; 116.001
36; Stdev: 3.31512; 0.0360088; 0.0438962; 0.0919294; 2.20026; 37.3431; 25.2817
