Linear Detection Measurement - goesser_20_55_
Pose p; Framenumber n; number of detected matches; targetpose px[m]; py[m]; pz[m]; rotx[°]; roty[°]; rotz[°]
Pose p; calculate Median
Pose p; calculate Mittelwert
Pose p; calculate Spannweite
Pose p; calculate Stdev
1; 1; 45; 0; 0; 0; 0; -0; 0
1; 2; 47; 0.0320357; -0.157569; 0.390389; 43.2899; 155.98; 125.729
1; 3; 53; 0; 0; 0; 0; -0; 0
1; 4; 57; 0; 0; 0; 0; -0; 0
1; 5; 52; 0; 0; 0; 0; -0; 0
1; 6; 49; 0; 0; 0; 0; -0; 0
1; 7; 60; 0; 0; 0; 0; -0; 0
1; 8; 57; 0; 0; 0; 0; -0; 0
1; 9; 47; 0; 0; 0; 0; -0; 0
1; 10; 52; 0; 0; 0; 0; -0; 0
1; 11; 55; 0; 0; 0; 0; -0; 0
1; 12; 46; 0; 0; 0; 0; -0; 0
1; 13; 39; 0; 0; 0; 0; -0; 0
1; 14; 53; 0; 0; 0; 0; -0; 0
1; 15; 50; 0; 0; 0; 0; -0; 0
1; 16; 44; 0.0908602; -0.139243; 0.604936; -146.558; -103.984; 98.404
1; 17; 41; 0; 0; 0; 0; -0; 0
1; 18; 52; 0; 0; 0; 0; -0; 0
1; 19; 54; 0; 0; 0; 0; -0; 0
1; 20; 49; 0; 0; 0; 0; -0; 0
1; Median: 52; 0; 0; 0; 0; -0; 0
1; Mean: 50.1; 0.00614479; -0.0148406; 0.0497662; 11.2066; 2.5998; -5.1634
1; Range: 21; 0.0908602; 0.157569; 0.604936; 125.729; 259.965; 189.848
1; Stdev: 5.32823; 0.0206479; 0.044616; 0.153104; 33.8963; 41.8375; 33.7787
2; 1; 51; 0; 0; 0; 0; -0; 0
2; 2; 52; 0; 0; 0; 0; -0; 0
2; 3; 48; 0; 0; 0; 0; -0; 0
2; 4; 65; 0; 0; 0; 0; -0; 0
2; 5; 49; 0; 0; 0; 0; -0; 0
2; 6; 54; 0; 0; 0; 0; -0; 0
2; 7; 56; 0; 0; 0; 0; -0; 0
2; 8; 52; 0; 0; 0; 0; -0; 0
2; 9; 50; 0; 0; 0; 0; -0; 0
2; 10; 54; 0; 0; 0; 0; -0; 0
2; 11; 49; 0; 0; 0; 0; -0; 0
2; 12; 51; 0; 0; 0; 0; -0; 0
2; 13; 46; 0; 0; 0; 0; -0; 0
2; 14; 48; 0.236564; -0.0748769; 1.31709; -150.667; 20.3949; 90.96
2; 15; 49; 0; 0; 0; 0; -0; 0
2; 16; 49; 0; 0; 0; 0; -0; 0
2; 17; 56; 0; 0; 0; 0; -0; 0
2; 18; 53; 0; 0; 0; 0; -0; 0
2; 19; 45; 0; 0; 0; 0; -0; 0
2; 20; 50; 0; 0; 0; 0; -0; 0
2; Median: 51; 0; 0; 0; 0; -0; 0
2; Mean: 51.35; 0.0118282; -0.00374385; 0.0658543; 4.548; 1.01974; -7.53337
2; Range: 20; 0.236564; 0.0748769; 1.31709; 90.96; 20.3949; 150.667
2; Stdev: 4.26937; 0.0515579; 0.016319; 0.287052; 19.8243; 4.44496; 32.8372
3; 1; 61; -0.181658; 0.09716; 0.778642; 33.5404; 47.3825; 61.9632
3; 2; 52; 0; 0; 0; 0; -0; 0
3; 3; 62; 0; 0; 0; 0; -0; 0
3; 4; 67; 0; 0; 0; 0; -0; 0
3; 5; 64; 0; 0; 0; 0; -0; 0
3; 6; 54; 0; 0; 0; 0; -0; 0
3; 7; 65; 0; 0; 0; 0; -0; 0
3; 8; 50; 0; 0; 0; 0; -0; 0
3; 9; 59; 0; 0; 0; 0; -0; 0
3; 10; 62; 0; 0; 0; 0; -0; 0
3; 11; 71; 0; 0; 0; 0; -0; 0
3; 12; 63; 0; 0; 0; 0; -0; 0
3; 13; 69; 0; 0; 0; 0; -0; 0
3; 14; 64; 0; 0; 0; 0; -0; 0
3; 15; 57; 0; 0; 0; 0; -0; 0
3; 16; 62; 0.0703721; 0.301071; 0.694824; -102.045; -32.2278; 178.884
3; 17; 70; 0; 0; 0; 0; -0; 0
3; 18; 61; -0.204809; -0.124773; 0.127348; 125.561; 108.786; 128.655
3; 19; 57; 0.236413; 0.0936125; 0.33533; -63.0625; -80.7149; 99.3819
3; 20; 62; 0; 0; 0; 0; -0; 0
3; Median: 62; 0; 0; 0; 0; -0; 0
3; Mean: 61.6; -0.00398407; 0.0183535; 0.0968072; 23.4442; 2.16131; -0.300306
3; Range: 21; 0.441222; 0.425844; 0.778642; 178.884; 189.501; 227.605
3; Stdev: 5.48999; 0.082302; 0.0767067; 0.226969; 50.6336; 32.8174; 39.5465
4; 1; 59; 0; 0; 0; 0; -0; 0
4; 2; 59; -0.157237; 0.0963564; 0.357087; -159.065; 56.7232; 121.303
4; 3; 61; -0.0310688; 0.164319; 0.863445; -134.655; 5.54404; 165.166
4; 4; 70; 0; 0; 0; 0; -0; 0
4; 5; 73; 0.0911473; 0.254033; 0.319053; -136.701; 126.746; 42.8367
4; 6; 50; 0; 0; 0; 0; -0; 0
4; 7; 68; 0; 0; 0; 0; -0; 0
4; 8; 60; 0; 0; 0; 0; -0; 0
4; 9; 64; -0.0972121; 0.408948; 0.69257; 162.333; 153.206; 30.5822
4; 10; 61; 0.0324041; 0.278313; 0.908119; 65.536; -161.392; 6.57295
4; 11; 70; -0.066673; 0.409207; 0.755384; 134.429; 173.112; 13.2846
4; 12; 66; 0.0598481; 0.264887; 0.847666; 65.044; -151.626; 4.1344
4; 13; 57; 0; 0; 0; 0; -0; 0
4; 14; 70; 0; 0; 0; 0; -0; 0
4; 15; 74; 0.021909; 0.262717; 0.883352; 64.0279; -166.009; 6.58367
4; 16; 68; 0; 0; 0; 0; -0; 0
4; 17; 72; 0; 0; 0; 0; -0; 0
4; 18; 66; 0.0381293; 0.277032; 0.885065; 67.0831; -159.077; 5.08293
4; 19; 65; -0.134427; 0.429515; 0.788533; 166.28; 135.847; 42.9798
4; 20; 61; 0; 0; 0; 0; -0; 0
4; Median: 66; 0; 0.0963564; 0.319053; 4.1344; -0; 0
4; Mean: 64.7; -0.012159; 0.142266; 0.365014; 21.9263; 0.653736; 14.7156
4; Range: 24; 0.248384; 0.429515; 0.908119; 165.166; 339.121; 325.346
4; Stdev: 6.00916; 0.0589794; 0.159466; 0.393005; 43.187; 98.2601; 85.7285
5; 1; 55; 0; 0; 0; 0; -0; 0
5; 2; 65; 0.0432189; 0.107311; 0.804453; -136.759; -14.7784; 176.314
5; 3; 62; 0.0208592; 0.188775; 1.01917; 54.0585; -170.96; 4.03615
5; 4; 64; 0.011491; 0.27108; 0.364356; 171.191; 176.343; 8.12944
5; 5; 62; -0.067118; 0.366299; 0.807028; 144.345; 157.861; 17.7811
5; 6; 65; 0.0319307; 0.24838; 1.014; 67.0035; -163.515; 6.7829
5; 7; 51; 0.02932; 0.242992; 1.02664; 64.578; -164.877; 6.73531
5; 8; 64; 0.0252753; 0.237784; 1.00604; 64.6617; -166.128; 7.74372
5; 9; 61; 0.038989; 0.249109; 1.00715; 67.4067; -160.777; 6.92623
5; 10; 60; -0.0263318; 0.374927; 0.915066; 121.834; 178.289; 2.98968
5; 11; 65; 0; 0; 0; 0; -0; 0
5; 12; 68; 0; 0; 0; 0; -0; 0
5; 13; 60; 0.0716375; 0.242256; 0.923591; 71.2725; -151.295; 1.82134
5; 14; 55; 0.0245943; 0.259561; 1.01696; 71.0269; -165.645; 5.20336
5; 15; 58; 0.0267046; 0.241802; 1.00679; 65.8577; -164.974; 7.81837
5; 16; 58; -0.0727051; 0.364016; 0.834883; 135.57; 156.887; 16.087
5; 17; 70; 0; 0; 0; 0; -0; 0
5; 18; 59; 0; 0; 0; 0; -0; 0
5; 19; 62; -0.0732808; 0.365345; 0.841504; 135.356; 154.338; 16.2978
5; 20; 60; -0.000353979; 0.243578; 1.10699; 64.0071; -174.965; 0.721929
5; Median: 62; 0.011491; 0.242992; 0.915066; 6.73531; -0; 65.8577
5; Mean: 61.2; 0.00421154; 0.200161; 0.684731; 14.2694; -33.7098; 58.0705
5; Range: 19; 0.144918; 0.374927; 1.10699; 176.314; 353.253; 307.95
5; Stdev: 4.44522; 0.037698; 0.13101; 0.422505; 37.5751; 133.881; 67.7535
6; 1; 70; 0.0431671; 0.196056; 1.11195; 64.8641; -161.969; 5.59702
6; 2; 61; -0.153065; 0.0806325; 0.627115; 175.976; 54.4737; 136.707
6; 3; 62; 0.0383128; 0.208493; 1.13676; 68.016; -163.335; 5.06895
6; 4; 63; 0.0445065; 0.213622; 1.08974; 71.6823; -160.225; 4.96627
6; 5; 71; 0.0533418; 0.214424; 1.10691; 69.7873; -156.094; 4.70606
6; 6; 62; 0.0252478; 0.20129; 1.13102; 65.9706; -167.715; 4.94042
6; 7; 66; 0.0532173; 0.21356; 1.12234; 68.9352; -156.161; 4.97904
6; 8; 74; 0.0438191; 0.20899; 1.11364; 66.934; -159.978; 8.58746
6; 9; 69; -0.0649262; 0.311302; 0.897288; 124.169; 143.912; 11.6349
6; 10; 59; 0.0277352; 0.210467; 1.13242; 68.7238; -166.192; 6.45611
6; 11; 70; -0.0809504; 0.318689; 0.979283; 126.118; 149.991; 14.7847
6; 12; 83; 0.0630257; 0.210069; 1.09941; 67.3566; -152.291; 6.83217
6; 13; 60; 0.0373144; 0.22303; 1.10209; 73.7625; -161.685; 6.21138
6; 14; 78; -0.0588438; 0.312365; 0.957287; 121.334; 164.483; 10.5765
6; 15; 65; 0.043851; 0.187144; 1.10186; 62.7089; -162.199; 5.13175
6; 16; 73; 0.043491; 0.174024; 1.09533; 58.7629; -162.255; 4.13408
6; 17; 62; 0.0414899; 0.208502; 1.11464; 68.447; -161.687; 5.77324
6; 18; 73; 0.0307965; 0.202746; 1.12188; 66.7419; -164.399; 9.05404
6; 19; 69; -0.0166207; 0.196972; 1.16414; -115.876; 2.55572; 179.424
6; 20; 58; 0.0285638; 0.233617; 1.09165; 77.8554; -163.955; 5.82357
6; Median: 69; 0.0383128; 0.210069; 1.10691; 6.21138; -160.225; 68.7238
6; Mean: 67.4; 0.0121737; 0.2163; 1.06484; 22.0694; -95.2361; 72.6134
6; Range: 25; 0.21609; 0.238057; 0.537028; 175.29; 332.198; 291.852
6; Stdev: 6.5681; 0.0556565; 0.0507859; 0.119201; 45.909; 118.856; 52.297
7; 1; 73; -0.053557; 0.20197; 1.20864; 76.3469; -172.247; 6.26583
7; 2; 63; -0.00902907; 0.162541; 1.20962; 62.2918; -160.104; 7.92876
7; 3; 68; -0.00714518; 0.171615; 1.17118; 67.8683; -160.597; 4.81874
7; 4; 78; -0.0134462; 0.180097; 1.19008; 69.4589; -161.933; 5.50842
7; 5; 80; -0.00463783; 0.161516; 1.17443; 63.2551; -158.954; 6.13657
7; 6; 66; -0.0116351; 0.159875; 1.19106; 62.9292; -162.344; 5.77994
7; 7; 71; -0.0166062; 0.18443; 1.19924; 69.996; -161.759; 6.46888
7; 8; 68; -0.0161883; 0.157917; 1.17194; 63.4322; -164.067; 4.77867
7; 9; 81; -0.115245; 0.290902; 1.05244; 127.445; 157.346; 11.7353
7; 10; 75; -0.00695495; 0.186451; 1.19152; 70.7775; -159.022; 5.96825
7; 11; 73; -0.0166282; 0.177427; 1.20111; 68.1726; -163.127; 5.87145
7; 12; 94; -0.107235; 0.302119; 1.04707; 134.962; 159.754; 10.9354
7; 13; 71; -0.0252229; 0.179491; 1.22646; 68.1331; -165.846; 5.95388
7; 14; 70; -0.0181814; 0.186485; 1.16856; 71.5322; -161.838; 4.24559
7; 15; 64; -0.0259634; 0.18218; 1.21096; 69.8068; -165.66; 6.48364
7; 16; 73; 0.0174935; 0.15627; 1.129; 63.0875; -151.968; 4.69548
7; 17; 79; -0.0215751; 0.188675; 1.20418; 71.9878; -164.1; 5.68747
7; 18; 61; -0.0188994; 0.172623; 1.20372; 66.5819; -163.593; 7.37312
7; 19; 73; -0.150654; 0.2527; 1.17708; 100.956; 142.364; 0.969222
7; 20; 66; -0.0120399; 0.18437; 1.19495; 70.6361; -161.801; 5.08469
7; Median: 73; -0.0166062; 0.18218; 1.19152; 5.95388; -161.801; 69.8068
7; Mean: 72.35; -0.0316675; 0.191983; 1.17616; 6.13447; -114.975; 75.9829
7; Range: 33; 0.168147; 0.145849; 0.179386; 10.7661; 332.001; 72.6701
7; Stdev: 7.41805; 0.0415551; 0.0403392; 0.0468599; 2.20522; 112.736; 20.0988
8; 1; 72; -0.0169614; 0.140874; 1.28183; 67.8194; -162.515; 6.27409
8; 2; 74; -0.0119844; 0.137777; 1.30281; 66.3118; -161.888; 7.31051
8; 3; 59; -0.100745; 0.267195; 1.13838; 135.968; 162.465; 10.4509
8; 4; 76; -0.119738; 0.241467; 1.13441; 113.486; 151.903; 6.8951
8; 5; 63; -0.0229841; 0.155682; 1.30128; 72.2146; -163.999; 6.00093
8; 6; 77; -0.012442; 0.124679; 1.27776; 63.1646; -162.968; 5.88325
8; 7; 68; -0.00696447; 0.142302; 1.27823; 68.2097; -160.599; 5.29073
8; 8; 66; -0.00929731; 0.135098; 1.29265; 65.6315; -160.286; 6.45363
8; 9; 63; -0.0133583; 0.149739; 1.28236; 70.0684; -161.069; 6.33582
8; 10; 63; -0.00422592; 0.141982; 1.27605; 68.1469; -160.151; 4.19626
8; 11; 66; -0.01629; 0.137318; 1.29709; 66.4837; -162.985; 6.89693
8; 12; 73; -0.0252437; 0.136777; 1.29567; 66.5818; -165.911; 7.26263
8; 13; 74; -0.0110842; 0.142484; 1.30186; 68.7275; -160.601; 5.86197
8; 14; 76; -0.0069935; 0.152856; 1.28165; 69.9785; -157.55; 7.81203
8; 15; 72; -0.0147287; 0.139924; 1.29484; 67.127; -161.932; 6.43326
8; 16; 62; -0.0104481; 0.149296; 1.27725; 69.3083; -159.22; 7.72635
8; 17; 69; -0.00541096; 0.143992; 1.26347; 68.7255; -159.018; 6.35679
8; 18; 69; -0.0218886; 0.135169; 1.27521; 66.7031; -165.245; 5.31991
8; 19; 70; -0.0323331; 0.16063; 1.29698; 74.234; -166.788; 5.63983
8; 20; 75; -0.0151053; 0.144747; 1.29314; 68.6492; -161.976; 6.15107
8; Median: 70; -0.0133583; 0.142484; 1.28236; 6.35679; -161.069; 68.6492
8; Mean: 69.35; -0.0239114; 0.154; 1.27215; 6.5276; -130.016; 73.877
8; Range: 18; 0.115512; 0.142516; 0.168397; 6.25464; 329.253; 72.8035
8; Stdev: 5.27518; 0.029732; 0.0345917; 0.0464694; 1.23567; 95.7749; 17.4707
9; 1; 83; 0.00264898; 0.118038; 1.37757; 72.7701; -163.858; 5.54537
9; 2; 73; -0.0417552; 0.172394; 1.38823; 92.9747; -175.822; 5.32395
9; 3; 68; 0.00669152; 0.0997511; 1.39199; 67.2751; -164.268; 6.11167
9; 4; 78; 0.00621765; 0.0836349; 1.42759; 60.2766; -163.455; 8.52006
9; 5; 59; -0.105791; 0.209761; 1.25616; 119.287; 150.264; 10.7844
9; 6; 70; 0.00418285; 0.104868; 1.36592; 68.6559; -164.225; 5.97197
9; 7; 76; 0.0086742; 0.100605; 1.38738; 67.4977; -161.933; 6.35765
9; 8; 71; -0.0806465; 0.211376; 1.2727; 116.739; 161.765; 6.79542
9; 9; 61; -0.0914943; 0.221175; 1.33677; 122.066; 161.114; 8.968
9; 10; 77; 0.0135416; 0.110408; 1.36753; 70.363; -159.929; 4.6121
9; 11; 68; 0.00905536; 0.0855978; 1.41586; 61.9077; -163.303; 6.38892
9; 12; 63; 0.0104007; 0.101415; 1.38539; 68.8026; -161.862; 5.13949
9; 13; 89; 0.00701187; 0.135862; 1.40667; 78.132; -160.862; 3.68208
9; 14; 73; 0.0220976; 0.101407; 1.39704; 66.596; -158.527; 7.07184
9; 15; 78; 0.0123389; 0.0952718; 1.3926; 64.6413; -161.145; 6.50715
9; 16; 67; 0.0102708; 0.0986736; 1.38843; 66.5287; -162.796; 5.98156
9; 17; 68; -0.100676; 0.190091; 1.24345; 106.147; 151.776; 5.56733
9; 18; 77; 0.00723134; 0.101038; 1.37893; 67.1038; -163.343; 6.26901
9; 19; 76; 0.0104113; 0.0996783; 1.39262; 66.8539; -163.007; 6.47359
9; 20; 70; 0.02379; 0.104345; 1.40444; 67.314; -157.139; 6.74422
9; Median: 73; 0.00723134; 0.104345; 1.38823; 6.35765; -161.862; 68.6559
9; Mean: 72.25; -0.0132899; 0.12727; 1.36886; 6.44079; -99.0278; 78.5966
9; Range: 30; 0.129581; 0.13754; 0.184137; 7.10231; 337.587; 61.7897
9; Stdev: 7.13355; 0.0427154; 0.0446584; 0.0505368; 1.52047; 127.698; 20.0122
10; 1; 68; 0.0442348; 0.0555256; 1.50061; 66.6025; -162.984; 4.9233
10; 2; 73; 0.0524415; 0.0668318; 1.49008; 69.3793; -158.903; 4.9966
10; 3; 54; 0.0469194; 0.0604286; 1.50342; 67.7002; -161.548; 6.02917
10; 4; 67; 0.0422507; 0.0532686; 1.51305; 65.7698; -163.881; 5.61952
10; 5; 64; 0.0372158; 0.0597616; 1.49126; 67.828; -164.948; 4.71118
10; 6; 72; 0.0379637; 0.0475363; 1.53211; 63.7147; -164.849; 5.7839
10; 7; 66; 0.0349382; 0.0603423; 1.49416; 68.3109; -165.959; 4.60483
10; 8; 70; 0.0535856; 0.0585996; 1.47002; 67.0925; -159.231; 4.1194
10; 9; 60; 0.047534; 0.0544593; 1.49686; 65.7985; -161.665; 5.05923
10; 10; 66; 0.0447685; 0.0541577; 1.49875; 66.577; -162.631; 4.75049
10; 11; 71; 0.0375516; 0.0522365; 1.52269; 65.64; -165.412; 5.26479
10; 12; 65; 0.0464332; 0.0555898; 1.49905; 66.5131; -162.265; 5.08291
10; 13; 60; 0.052667; 0.0644119; 1.50023; 68.8104; -159.074; 5.73583
10; 14; 77; 0.0315672; 0.0537384; 1.50887; 66.2394; -167.428; 5.1789
10; 15; 60; 0.0639798; 0.0540503; 1.48528; 64.6145; -155.304; 6.64278
10; 16; 67; 0.0356301; 0.066409; 1.46062; 69.5274; -164.007; 4.50856
10; 17; 64; 0.0355923; 0.0512104; 1.51676; 64.495; -166.394; 6.49802
10; 18; 71; 0.0501049; 0.0555682; 1.49234; 66.2649; -160.84; 4.95935
10; 19; 68; 0.0616362; 0.0472198; 1.41314; 62.4954; -157.582; 6.78928
10; 20; 69; 0.0291468; 0.0255511; 1.53426; 59.4665; -169.77; 2.84077
10; Median: 67; 0.0447685; 0.0555256; 1.49905; 5.08291; -162.631; 66.5131
10; Mean: 66.6; 0.0443081; 0.0548448; 1.49618; 5.20494; -162.734; 66.142
10; Range: 23; 0.034833; 0.0412807; 0.121118; 3.94851; 14.4659; 10.0609
10; Stdev: 5.2192; 0.00931826; 0.00855807; 0.0259428; 0.894549; 3.48807; 2.34318
11; 1; 62; 0.00758045; 0.0153738; 1.58142; 66.9197; -163.03; 7.65104
11; 2; 67; 0.0110954; 0.0125162; 1.60443; 66.3613; -162.07; 5.52757
11; 3; 69; 0.00871086; 0.0183955; 1.58253; 67.6314; -162.178; 6.33399
11; 4; 83; 0.00249507; 0.0128107; 1.60885; 67.0072; -164.184; 6.09736
11; 5; 67; 0.0118611; 0.015914; 1.58205; 66.7505; -161.892; 6.48342
11; 6; 62; 0.00901026; 0.0210235; 1.58055; 68.8822; -162.736; 5.48107
11; 7; 70; 0.00687629; 0.0152277; 1.57982; 66.4214; -162.167; 7.59903
11; 8; 66; 0.0101112; 0.0170522; 1.58479; 67.4698; -162.245; 6.17864
11; 9; 65; 0.012893; 0.017076; 1.58562; 66.7475; -160.729; 6.0657
11; 10; 72; 0.0137958; 0.0279423; 1.5692; 70.3543; -161.015; 4.6089
11; 11; 70; 0.00803927; 0.0281912; 1.574; 70.8574; -162.83; 4.34833
11; 12; 53; 0.0148221; 0.0210414; 1.58186; 68.4461; -160.684; 5.66131
11; 13; 58; 0.0251815; 0.0166892; 1.58961; 66.7547; -157.049; 7.00486
11; 14; 77; 0.0177595; 0.0443607; 1.51325; 74.7275; -157.661; 6.60403
11; 15; 67; 0.0188419; 0.0220439; 1.564; 68.5747; -159.221; 6.048
11; 16; 65; 0.00654067; 0.0214329; 1.57028; 68.7785; -162.993; 5.9429
11; 17; 72; 0.00861383; 0.0210148; 1.57168; 68.54; -162.568; 5.34418
11; 18; 64; 0.00840601; 0.0190124; 1.57858; 67.9054; -162.252; 6.20664
11; 19; 63; 0.0099893; 0.0345394; 1.56326; 72.9314; -162.707; 3.44827
11; 20; 85; -0.00920175; 0.0254258; 1.64124; 72.9886; -167.413; 3.61319
11; Median: 67; 0.0099893; 0.0210148; 1.58142; 6.0657; -162.178; 68.4461
11; Mean: 67.85; 0.0101711; 0.0213542; 1.58035; 5.81242; -161.881; 68.7525
11; Range: 32; 0.0343832; 0.0318445; 0.127994; 4.20276; 10.3637; 8.36622
11; Stdev: 7.41131; 0.00664283; 0.0075415; 0.0230768; 1.10231; 2.16176; 2.36103
12; 1; 44; 0.00378758; -0.0381644; 1.632; 62.8405; -165.364; 8.92775
12; 2; 43; 0.0268678; -0.0342734; 1.70651; 64.295; -159.724; 5.48458
12; 3; 46; 0.0235221; -0.0318761; 1.71018; 65.7924; -160.668; 5.4857
12; 4; 52; 0.0334146; -0.0203396; 1.68026; 68.6196; -157.622; 5.78135
12; 5; 53; 0.0197774; -0.0192303; 1.67054; 69.5634; -161.227; 5.79811
12; 6; 52; 0.00281051; -0.0246153; 1.69295; 68.3972; -165.76; 7.78253
12; 7; 43; 0.0174094; -0.023006; 1.68819; 68.7997; -162.937; 5.73161
12; 8; 39; 0.0181787; -0.0167607; 1.66578; 70.0924; -161.69; 5.31147
12; 9; 50; 0.0165868; -0.0234474; 1.68843; 68.4765; -163.3; 5.69715
12; 10; 49; 0.0206777; -0.0275911; 1.68403; 66.6383; -161.943; 6.29953
12; 11; 51; 0.0172811; -0.0234026; 1.69066; 68.4633; -163.115; 5.94541
12; 12; 42; 0.0239091; -0.0198932; 1.68819; 69.3147; -159.611; 5.65959
12; 13; 48; 0.0142235; -0.028522; 1.67821; 66.1056; -163.489; 6.96195
12; 14; 54; 0.0126545; -0.0196022; 1.65196; 68.7639; -162.991; 5.60868
12; 15; 45; 0.017715; -0.0263176; 1.69391; 67.533; -162.394; 6.60162
12; 16; 46; 0.0157645; -0.0223415; 1.68237; 68.909; -163.791; 5.38194
12; 17; 43; 0.0173759; -0.0265525; 1.69775; 67.0675; -163.033; 6.56827
12; 18; 53; 0.0136128; -0.0242426; 1.67953; 65.4899; -163.72; 7.0234
12; 19; 46; 0.0148838; -0.021475; 1.66822; 68.3386; -163.319; 5.67406
12; 20; 48; 0.0267375; -0.0280936; 1.67995; 65.453; -159.239; 5.29666
12; Median: 48; 0.0174094; -0.0234474; 1.68403; 5.78135; -162.937; 68.3972
12; Mean: 47.35; 0.0178595; -0.0249874; 1.68148; 6.15107; -162.247; 67.4477
12; Range: 15; 0.0306041; 0.0214037; 0.0781835; 3.63109; 8.13792; 7.25189
12; Stdev: 4.19851; 0.00700289; 0.00522815; 0.0174807; 0.909711; 2.00656; 1.87266
13; 1; 51; 0.0274222; -0.0455166; 1.7195; 68.6942; -165.527; 4.6672
13; 2; 59; 0.0144413; -0.0814754; 1.70147; 59.0542; -168.652; 8.01269
13; 3; 63; 0.0330301; -0.0548058; 1.75811; 68.0655; -162.898; 5.91719
13; 4; 56; 0.0331208; -0.0509912; 1.74403; 68.3668; -162.731; 5.36315
13; 5; 52; 0.0330353; -0.0521331; 1.76147; 68.9838; -163.271; 5.22172
13; 6; 51; 0.0346684; -0.0521875; 1.74288; 67.6764; -162.568; 5.99768
13; 7; 45; 0.0446737; -0.0649252; 1.81409; 65.9159; -159.891; 5.67576
13; 8; 48; 0.0381137; -0.0561757; 1.78328; 68.6633; -161.964; 5.742
13; 9; 52; 0.0343115; -0.0760812; 1.83349; 62.722; -162.641; 11.9323
13; 10; 59; 0.0220156; -0.0448247; 1.78893; 72.7044; -166.671; 3.85085
13; 11; 42; 0.0418824; -0.0583795; 1.79949; 68.1411; -160.026; 6.1203
13; 12; 52; 0.0352785; -0.010372; 1.81732; 86.2581; -156.584; 4.59091
13; 13; 41; 0.0329082; -0.054953; 1.76612; 68.5071; -163.429; 5.92435
13; 14; 45; 0.0212167; -0.0242566; 1.76529; 77.909; -163.953; 6.12842
13; 15; 55; 0.0309465; -0.0525481; 1.7808; 69.4081; -163.087; 6.79168
13; 16; 53; 0.03549; -0.0515374; 1.76774; 69.1636; -162.973; 5.07843
13; 17; 47; 0; 0; 0; 0; -0; 0
13; 18; 50; 0.0410341; -0.0600025; 1.80356; 67.4148; -159.558; 6.62349
13; 19; 54; 0.0317139; -0.0531147; 1.75648; 69.4132; -163.507; 5.53432
13; 20; 53; 0.032996; -0.052016; 1.75538; 69.0302; -163.108; 5.61503
13; Median: 52; 0.0330353; -0.0521875; 1.76612; 5.742; -162.898; 68.6633
13; Mean: 51.4; 0.0309149; -0.0498148; 1.68297; 5.73937; -154.652; 65.8046
13; Range: 22; 0.0446737; 0.0814754; 1.83349; 11.9323; 168.652; 86.2581
13; Stdev: 5.51725; 0.00991149; 0.0186574; 0.387401; 2.07029; 35.5679; 15.9729
14; 1; 41; -0.0572903; 0.0173124; 1.79771; 108.19; 163.689; 0.757154
14; 2; 48; 0.028097; -0.0864053; 1.93323; 66.741; -159.41; 7.80097
14; 3; 46; 0.0432428; -0.0994536; 1.93851; 60.3012; -155.828; 7.46951
14; 4; 49; -0.00148011; -0.104605; 1.87398; 61.3865; -171.885; 3.72125
14; 5; 46; -0.00197904; -0.0560676; 1.76081; 71.1922; -170.175; 5.85784
14; 6; 50; 0.0229721; -0.076904; 1.87569; 69.3683; -162.168; 5.56482
14; 7; 44; 0.0227159; -0.0754352; 1.86343; 68.9727; -162.411; 5.18243
14; 8; 42; 0.0254527; -0.0780578; 1.86157; 67.4425; -161.219; 6.47997
14; 9; 50; 0.027092; -0.0845129; 1.91188; 66.6949; -159.577; 7.41896
14; 10; 44; -0.003415; -0.107775; 1.88545; 60.2003; -172.401; 4.6803
14; 11; 43; 0.0111596; -0.0786764; 1.88677; 68.8669; -166.868; 5.25078
14; 12; 43; 0.0567384; -0.223858; 0.478316; -22.0436; 111.834; 35.3534
14; 13; 44; -0.0645875; 0.0220336; 1.77905; 110.166; 160.264; 2.11165
14; 14; 36; 0.0245149; -0.073336; 1.86945; 71.1535; -161.468; 5.05133
14; 15; 42; 0.0265068; -0.0791269; 1.90228; 69.212; -163.233; 5.29208
14; 16; 43; 0.0268198; -0.0829696; 1.9011; 67.2092; -160.483; 6.91578
14; 17; 51; 0; 0; 0; 0; -0; 0
14; 18; 45; 0.0188085; -0.0767523; 1.85402; 68.7469; -163.537; 6.0146
14; 19; 44; 0.0269277; -0.051965; 1.95833; 84.2695; -156.961; 0.516112
14; 20; 35; 0.0208594; -0.074881; 1.85625; 68.9678; -162.74; 5.8083
14; Median: 44; 0.0229721; -0.076904; 1.87398; 5.56482; -161.219; 68.8669
14; Mean: 44.3; 0.0126578; -0.0735718; 1.70939; 6.36236; -108.729; 64.3519
14; Range: 16; 0.121326; 0.245892; 1.95833; 35.3534; 336.09; 132.209
14; Stdev: 4.08779; 0.0284892; 0.0497249; 0.498226; 7.02129; 112.867; 28.5642
15; 1; 31; 0.0335268; -0.119206; 1.93774; 67.5268; -161.496; 6.23368
15; 2; 46; 0.0161965; -0.038798; 2.01751; 103.881; -159.991; 2.92061
15; 3; 44; 0.0304494; -0.108357; 1.96178; 71.7953; -161.781; 5.20877
15; 4; 39; -0.128497; -0.135678; 1.88222; 63.126; 151.058; 0.8473
15; 5; 38; -0.0709766; -0.0578367; 1.87782; 89.2326; 159.026; 0.44891
15; 6; 35; 0; 0; 0; 0; -0; 0
15; 7; 39; 0.0361376; -0.111828; 1.93055; 69.8376; -160.495; 4.94047
15; 8; 33; 0.0269458; -0.111664; 1.92606; 70.1596; -164.167; 4.15816
15; 9; 37; -0.0152599; 0.0190615; 1.62005; -58.2887; 8.18124; 179.445
15; 10; 33; 0.0356336; -0.120654; 1.98944; 67.8657; -160.919; 5.87453
15; 11; 36; 0.0341204; -0.120944; 1.96589; 67.7406; -160.799; 6.09416
15; 12; 42; -0.0161433; -0.151753; 2.02287; 62.1022; -177.296; 4.95354
15; 13; 34; 0.0306225; -0.115656; 1.93016; 68.2965; -162.091; 5.32713
15; 14; 33; 0; 0; 0; 0; -0; 0
15; 15; 36; 0.0406179; -0.122542; 1.95435; 66.8166; -159.182; 6.69744
15; 16; 49; 0.0584452; -0.0869522; 1.89075; -96.9194; -28.9958; 177.362
15; 17; 37; -0.0184855; -0.142618; 2.0174; 63.9449; -177.659; 4.408
15; 18; 37; 0.0843262; -0.054389; 1.6832; 80.469; -141.896; 2.04984
15; 19; 43; 0.0325009; -0.122088; 1.96094; 67.9991; -162.408; 6.51946
15; 20; 42; 0.0548767; -0.0522349; 1.70289; 70.4183; -144.358; 18.8313
15; Median: 37; 0.0306225; -0.111664; 1.93055; 5.20877; -159.991; 67.8657
15; Mean: 38.2; 0.0132518; -0.0877069; 1.71358; 22.116; -98.2634; 49.8002
15; Range: 18; 0.212824; 0.170814; 2.02287; 179.445; 336.684; 200.8
15; Stdev: 4.68615; 0.0462784; 0.0498986; 0.581358; 52.241; 104.922; 48.872
16; 1; 34; 0.0239678; -0.164408; 2.06779; 64.7733; -161.161; 7.48539
16; 2; 37; 0.0252133; -0.16143; 2.11102; 67.5899; -159.299; 6.96757
16; 3; 41; 0.0201426; -0.154844; 2.10753; 68.9536; -159.068; 7.62238
16; 4; 36; 0.027654; -0.163956; 2.06295; 64.2251; -158.797; 8.1428
16; 5; 28; 0.018835; -0.15479; 2.06233; 67.8788; -161.064; 6.11732
16; 6; 30; 0.0288315; -0.133733; 2.09005; -98.004; -23.2694; 179.181
16; 7; 33; 0.0149424; -0.148221; 2.03225; 68.9863; -165.137; 4.32302
16; 8; 40; 0.0218227; -0.159279; 2.09605; 67.2061; -160.088; 6.8288
16; 9; 36; 0.0187293; -0.164514; 2.10605; 66.1803; -161.013; 7.29059
16; 10; 45; 0.0112406; -0.159878; 2.10196; 69.6415; -164.993; 2.76068
16; 11; 36; 0.0189879; -0.125581; 2.12181; 82.8556; -157.808; 3.10163
16; 12; 36; 0.0183163; -0.150715; 2.04436; 68.5968; -162.755; 5.45678
16; 13; 32; 0.022915; -0.156349; 2.10091; 69.2728; -160.143; 5.30936
16; 14; 48; 0.0142395; -0.149844; 2.03309; 69.1253; -164.306; 5.55326
16; 15; 32; 0.0253485; -0.172289; 2.07873; 58.2199; -158.494; 10.4843
16; 16; 37; 0; 0; 0; 0; -0; 0
16; 17; 46; 0.0216908; -0.161837; 2.10621; 67.2369; -159.753; 7.52923
16; 18; 32; 0.0659677; -0.0921091; 1.8508; 79.8881; -141.154; 5.83448
16; 19; 36; 0.0165247; -0.152704; 2.03919; 68.3164; -163.911; 5.4839
16; 20; 39; 0.0381208; -0.139619; 2.04226; 70.3884; -153.195; 9.065
16; Median: 36; 0.0216908; -0.15479; 2.07873; 6.8288; -159.753; 68.3164
16; Mean: 36.7; 0.0226745; -0.143305; 1.96277; 14.7269; -144.771; 57.0666
16; Range: 20; 0.0659677; 0.172289; 2.12181; 179.181; 165.137; 180.86
16; Stdev: 5.13907; 0.0124007; 0.0371386; 0.453859; 37.7968; 44.8131; 38.9173
17; 1; 44; 0.0146774; -0.201361; 2.19332; 66.1014; -159.974; 8.52952
17; 2; 32; 0.0264272; -0.205758; 2.22873; 66.1636; -155.88; 8.96051
17; 3; 38; 0.0137071; -0.183197; 2.12941; 67.7496; -164.226; 4.46546
17; 4; 40; 0.0141413; -0.188111; 2.17151; 71.606; -162.598; 4.42408
17; 5; 37; 0.0132076; -0.193227; 2.13078; 67.4366; -163.54; 6.72082
17; 6; 47; 0.0150746; -0.188477; 2.14791; 68.3786; -162.157; 5.24529
17; 7; 35; 0.0383041; -0.166943; 2.02055; 69.1784; -156.017; 4.54356
17; 8; 33; 0.0103959; -0.18474; 2.12454; 68.4382; -165.169; 4.95504
17; 9; 36; -0.101217; -0.140147; 2.16451; -88.292; 26.7215; 179.864
17; 10; 37; 0.00546325; -0.185984; 2.08625; 66.3546; -166.629; 5.16107
17; 11; 32; 0.0148763; -0.18746; 2.10355; 67.2787; -164.066; 6.47033
17; 12; 32; 0.0254215; -0.186763; 2.06835; 65.4603; -160.441; 5.64889
17; 13; 31; 0.020604; -0.148556; 2.09975; 82.6851; -157.216; 3.64787
17; 14; 41; 0.00870402; -0.158122; 2.19526; 83.2404; -156.853; 5.23708
17; 15; 36; 0.0151347; -0.187695; 2.15504; 71.0333; -162.086; 3.59224
17; 16; 34; 0; 0; 0; 0; -0; 0
17; 17; 31; 0.012833; -0.190711; 2.15011; 64.6508; -162.198; 7.4078
17; 18; 32; -0.067431; -0.158013; 2.19626; -95.3658; 12.8659; 177.099
17; 19; 40; 0; 0; 0; 0; -0; 0
17; 20; 39; -0.0810526; -0.0578102; 1.81237; 110.387; 148.966; 3.5209
17; Median: 36; 0.0137071; -0.18474; 2.13078; 5.23708; -159.974; 67.4366
17; Mean: 36.35; -3.64417e-05; -0.155654; 1.90891; 22.2747; -111.525; 48.6242
17; Range: 16; 0.139521; 0.205758; 2.22873; 179.864; 315.595; 205.753
17; Stdev: 4.3735; 0.0363534; 0.0605646; 0.641992; 52.1171; 90.7192; 52.5128
18; 1; 38; 0.0220172; -0.21435; 2.16391; 70.2937; -166.297; 4.60329
18; 2; 34; -0.107192; -0.180622; 2.17069; -97.1823; 35.8721; 174.763
18; 3; 33; -0.0668497; -0.118774; 1.99264; 103.121; 152.848; 1.92963
18; 4; 26; 0.0391188; -0.236248; 2.30041; 72.5706; -161.012; 2.80252
18; 5; 35; 0; 0; 0; 0; -0; 0
18; 6; 23; -0.0529162; -0.120886; 2.11343; 113.21; 160.777; 5.05035
18; 7; 31; 0.0249053; -0.183589; 2.31695; 88.4121; -152.856; 10.1377
18; 8; 35; 0.0393704; -0.22844; 2.32365; -100.158; -17.7737; 178.534
18; 9; 30; 0.0329654; -0.227263; 2.20884; 67.632; -163.247; 4.95605
18; 10; 30; 0; 0; 0; 0; -0; 0
18; 11; 31; 0.0553933; -0.220528; 2.18023; 65.8014; -153.822; 10.8081
18; 12; 34; 0.0251687; -0.141699; 2.06245; -83.1617; -15.7078; 179.99
18; 13; 35; 0.038056; -0.249483; 2.36665; 68.1998; -157.699; 6.46268
18; 14; 36; -0.0486914; -0.184423; 2.33796; -83.3339; 15.9481; 178.736
18; 15; 31; 0.0420317; -0.25286; 2.39566; 67.6896; -155.084; 7.43017
18; 16; 27; -0.0848299; -0.277275; 2.35734; -119.223; 23.9236; 164.18
18; 17; 31; 0.019865; -0.243034; 2.36149; 71.9257; -165.521; 5.15622
18; 18; 37; -0.0893295; -0.229742; 2.65334; -87.5326; 35.1992; 161.857
18; 19; 40; -0.0657775; -0.13144; 2.06071; 102.009; 155.442; 2.4937
18; 20; 35; 0.0101551; -0.24582; 2.38076; 73.1584; -169.571; 2.76482
18; Median: 34; 0.019865; -0.21435; 2.30041; 6.46268; -15.7078; 67.6896
18; Mean: 32.6; -0.008327; -0.184324; 2.03735; 55.1327; -44.9291; 19.6716
18; Range: 17; 0.162586; 0.277275; 2.65334; 179.99; 330.349; 232.434
18; Stdev: 4.07922; 0.0509571; 0.0763126; 0.694821; 77.3174; 116.027; 80.0051
19; 1; 34; 0.00580447; -0.265864; 2.32789; 64.7645; -159.852; 7.98667
19; 2; 27; 0.000118446; -0.248902; 2.30391; 72.3677; -162.813; 2.89691
19; 3; 31; -0.0638601; 0.108737; 0.43758; 149.653; -120.112; 12.1535
19; 4; 36; 0; 0; 0; 0; -0; 0
19; 5; 27; 0.0391207; -0.194195; 2.17381; 78.8192; -142.539; 8.08984
19; 6; 37; -0.00833528; -0.252014; 2.27136; 66.7648; -165.856; 7.51624
19; 7; 28; 0.0228428; -0.245641; 2.2176; 62.7891; -153.555; 12.4026
19; 8; 31; 0.0465383; -0.459616; 2.05657; -145.851; 157.241; 13.4633
19; 9; 25; -0.0992293; -0.155011; 2.15097; 101.856; 154.423; 1.59606
19; 10; 34; 0.0136203; -0.240261; 2.372; 74.8634; -157.295; 0.270955
19; 11; 29; -0.00792111; -0.280172; 2.27431; 57.4931; -167.745; 9.03802
19; 12; 24; -0.00122274; -0.260511; 2.33934; 65.8583; -161.442; 7.3981
19; 13; 29; 0.0268571; -0.202243; 2.22506; 82.5104; -140.452; 8.75547
19; 14; 24; 0.0497314; -0.220493; 2.26558; 80.0744; -137.614; 3.08108
19; 15; 35; 0.000842352; -0.26303; 2.32965; 65.2912; -161.14; 8.1344
19; 16; 30; -0.101387; -0.153678; 2.12922; 100.652; 155.237; 1.84442
19; 17; 32; -0.101335; -0.191155; 2.32749; 97.2899; 160.627; 2.99676
19; 18; 30; -0.000990473; -0.256934; 2.33641; 70.2123; -162.138; 5.35312
19; 19; 22; -0.00609172; -0.255057; 2.26657; 65.731; -166.315; 7.23662
19; 20; 32; 0.0229136; -0.238878; 2.21539; 65.0967; -153.001; 11.6571
19; Median: 30; 0.000118446; -0.240261; 2.26657; 7.51624; -153.001; 70.2123
19; Mean: 29.85; -0.00809914; -0.213746; 2.05104; 6.59356; -84.217; 63.8118
19; Range: 15; 0.151118; 0.568352; 2.372; 13.4633; 328.372; 295.504
19; Stdev: 4.10213; 0.0455466; 0.109232; 0.61965; 4.05009; 125.588; 54.9829
20; 1; 41; 0.0228148; -0.279256; 2.47211; 80.1307; -156.837; 3.76354
20; 2; 30; 0; 0; 0; 0; -0; 0
20; 3; 36; 0.0461905; -0.292926; 2.24036; 59.6408; -153.632; 7.90035
20; 4; 38; 0; 0; 0; 0; -0; 0
20; 5; 38; 0; 0; 0; 0; -0; 0
20; 6; 36; 0.0273631; -0.320396; 2.4139; 59.8487; -159.734; 7.6134
20; 7; 35; 0; 0; 0; 0; -0; 0
20; 8; 28; 0; 0; 0; 0; -0; 0
20; 9; 34; 0; 0; 0; 0; -0; 0
20; 10; 35; 0; 0; 0; 0; -0; 0
20; 11; 36; 0.0158613; -0.298284; 2.43303; 67.6711; -162.625; 5.53115
20; 12; 32; 0; 0; 0; 0; -0; 0
20; 13; 37; 0.0384293; -0.310646; 2.36957; 59.8687; -156.644; 9.46274
20; 14; 40; 0.0429621; -0.226104; 2.20048; 77.8323; -146.881; 9.80673
20; 15; 31; 0.0195797; -0.248898; 2.31242; 78.0071; -160.15; 3.34749
20; 16; 43; -0.0772102; -0.1939; 2.23711; -81.697; 22.2677; 178.818
20; 17; 29; 0.0440567; -0.298378; 2.25598; 58.851; -154.449; 7.54637
20; 18; 37; 0; 0; 0; 0; -0; 0
20; 19; 33; 0.0351953; -0.275433; 2.29607; 68.0094; -156.922; 7.68672
20; 20; 32; -0.0817624; -0.259796; 2.48925; -91.728; 19.7247; 179.901
20; Median: 36; 0; -0.1939; 2.23711; 3.76354; -0; 0
20; Mean: 35.05; 0.00667401; -0.150201; 1.28601; 21.0689; -68.294; 21.8217
20; Range: 15; 0.127953; 0.320396; 2.48925; 179.901; 184.893; 171.859
20; Stdev: 3.89198; 0.0333884; 0.138522; 1.16548; 52.8868; 80.0013; 48.7441
21; 1; 26; -0.0699472; -0.301983; 2.41934; 69.6372; -164.072; 2.36321
21; 2; 26; -0.0302337; -0.331486; 2.3736; 54.2121; -153.861; 14.7283
21; 3; 38; -0.0412636; -0.331559; 2.43052; 61.1595; -156.974; 8.6564
21; 4; 22; 0; 0; 0; 0; -0; 0
21; 5; 24; 0; 0; 0; 0; -0; 0
21; 6; 26; -0.0623584; -0.329802; 2.53822; 67.9607; -160.331; 5.57244
21; 7; 22; -0.0364506; -0.329113; 2.39791; 60.1616; -155.372; 9.49865
21; 8; 28; 0; 0; 0; 0; -0; 0
21; 9; 27; -0.0675231; -0.323234; 2.49308; 68.1537; -162.898; 5.46507
21; 10; 27; 0; 0; 0; 0; -0; 0
21; 11; 29; 0; 0; 0; 0; -0; 0
21; 12; 28; 0; 0; 0; 0; -0; 0
21; 13; 26; -0.0620304; -0.337559; 2.53556; 65.9926; -159.748; 8.10963
21; 14; 31; 0; 0; 0; 0; -0; 0
21; 15; 24; 0; 0; 0; 0; -0; 0
21; 16; 29; -0.107868; -0.150921; 0.237446; 169.451; 50.4829; 144.886
21; 17; 26; 0; 0; 0; 0; -0; 0
21; 18; 25; 0; 0; 0; 0; -0; 0
21; 19; 36; -0.0253312; 0.14476; 0.324157; 59.7654; -25.0302; 73.6839
21; 20; 24; -0.110132; -0.368797; 2.16501; 40.6999; 178.331; 8.86845
21; Median: 26; 0; 0; 0.237446; 2.36321; -0; 40.6999
21; Mean: 27.2; -0.0306569; -0.132985; 0.995742; 14.0916; -45.4737; 35.8597
21; Range: 16; 0.110132; 0.513557; 2.53822; 144.886; 342.403; 169.451
21; Stdev: 3.95727; 0.0365671; 0.169199; 1.16727; 33.9431; 92.4; 43.006
22; 1; 28; 0; 0; 0; 0; -0; 0
22; 2; 31; -0.0689599; -0.382958; 2.73151; 69.8645; -164.157; 8.0936
22; 3; 29; 0; 0; 0; 0; -0; 0
22; 4; 32; 0; 0; 0; 0; -0; 0
22; 5; 29; 0.088097; -0.259434; 0.497775; -11.5894; 132.479; 60.6886
22; 6; 31; 0; 0; 0; 0; -0; 0
22; 7; 28; 0; 0; 0; 0; -0; 0
22; 8; 20; -0.105708; -0.414993; 2.611; 54.1426; 179.845; 5.1267
22; 9; 24; -0.117; -0.241697; 2.40055; 110.961; 177.557; 3.77334
22; 10; 23; -0.0391652; -0.325036; 2.53384; 77.2022; -154.253; 7.17438
22; 11; 34; 0; 0; 0; 0; -0; 0
22; 12; 23; 0; 0; 0; 0; -0; 0
22; 13; 40; -0.168917; -0.387883; 2.68443; -112.092; 19.3225; 179.181
22; 14; 35; -0.0449681; -0.378438; 2.64111; 65.5627; -158.295; 8.93579
22; 15; 27; 0; 0; 0; 0; -0; 0
22; 16; 36; 0; 0; 0; 0; -0; 0
22; 17; 37; -0.105159; -0.226002; 0.729253; -175.031; 37.5504; 161.674
22; 18; 33; 0; 0; 0; 0; -0; 0
22; 19; 31; 0; 0; 0; 0; -0; 0
22; 20; 30; -0.0376826; -0.353314; 2.51322; 66.2818; -158.191; 6.41266
22; Median: 31; 0; 0; 0; 0; -0; 0
22; Mean: 30.05; -0.0299732; -0.148488; 0.967134; 22.053; -4.40709; 7.26512
22; Range: 20; 0.257014; 0.414993; 2.73151; 179.181; 344.002; 285.993
22; Stdev: 4.97469; 0.0565595; 0.170125; 1.20482; 51.2247; 95.8225; 62.071
23; 1; 30; -0.15809; -0.469784; 1.94522; 169.863; 177.794; 102.797
23; 2; 27; -0.175938; -0.191984; 0.355665; 165.865; -51.8919; 99.3112
23; 3; 32; -0.000776893; -0.420964; 2.64142; 56.5184; -153.662; 10.4732
23; 4; 36; 0; 0; 0; 0; -0; 0
23; 5; 35; -0.0320146; 0.100998; 0.647935; -144.545; 68.8507; 89.3238
23; 6; 36; 0; 0; 0; 0; -0; 0
23; 7; 29; 0; 0; 0; 0; -0; 0
23; 8; 25; 0; 0; 0; 0; -0; 0
23; 9; 30; 0; 0; 0; 0; -0; 0
23; 10; 32; 0; 0; 0; 0; -0; 0
23; 11; 34; 0; 0; 0; 0; -0; 0
23; 12; 30; 0; 0; 0; 0; -0; 0
23; 13; 27; 0; 0; 0; 0; -0; 0
23; 14; 20; 0; 0; 0; 0; -0; 0
23; 15; 33; 0; 0; 0; 0; -0; 0
23; 16; 23; 0; 0; 0; 0; -0; 0
23; 17; 23; -0.0342558; -0.409405; 2.68881; 64.3175; -162.216; 8.71614
23; 18; 40; 0; 0; 0; 0; -0; 0
23; 19; 29; 0; 0; 0; 0; -0; 0
23; 20; 30; 0; 0; 0; 0; -0; 0
23; Median: 30; 0; 0; 0; 0; -0; 0
23; Mean: 30.05; -0.0200538; -0.0695569; 0.413953; 15.5311; -6.05621; 15.6009
23; Range: 20; 0.175938; 0.570782; 2.68881; 102.797; 340.01; 314.407
23; Stdev: 4.86287; 0.0500513; 0.160595; 0.869191; 34.4747; 66.4215; 63.1352
24; 1; 41; 0; 0; 0; 0; -0; 0
24; 2; 35; 0; 0; 0; 0; -0; 0
24; 3; 35; 0.0356223; -0.349468; 2.42092; 73.8412; -152.732; 2.21028
24; 4; 34; 0; 0; 0; 0; -0; 0
24; 5; 42; 0; 0; 0; 0; -0; 0
24; 6; 32; 0; 0; 0; 0; -0; 0
24; 7; 40; 0; 0; 0; 0; -0; 0
24; 8; 37; 0; 0; 0; 0; -0; 0
24; 9; 38; 0; 0; 0; 0; -0; 0
24; 10; 40; 0; 0; 0; 0; -0; 0
24; 11; 34; 0; 0; 0; 0; -0; 0
24; 12; 39; 0; 0; 0; 0; -0; 0
24; 13; 37; 0; 0; 0; 0; -0; 0
24; 14; 30; 0; 0; 0; 0; -0; 0
24; 15; 32; 0; 0; 0; 0; -0; 0
24; 16; 42; -0.080445; -0.541152; 3.059; -127.972; 9.9746; 176.764
24; 17; 43; 0; 0; 0; 0; -0; 0
24; 18; 30; 0.0240795; -0.4665; 2.77099; 57.3262; -157.269; 11.864
24; 19; 44; 0; 0; 0; 0; -0; 0
24; 20; 44; 0; 0; 0; 0; -0; 0
24; Median: 38; 0; 0; 0; 0; -0; 0
24; Mean: 37.45; -0.00103716; -0.067856; 0.412545; 9.54189; -15.0013; 0.159746
24; Range: 14; 0.116067; 0.541152; 3.059; 176.764; 167.244; 201.814
24; Stdev: 4.43255; 0.0203699; 0.164394; 0.987239; 38.4513; 46.7222; 35.4367
25; 1; 34; 0; 0; 0; 0; -0; 0
25; 2; 31; 0; 0; 0; 0; -0; 0
25; 3; 35; 0; 0; 0; 0; -0; 0
25; 4; 31; 0; 0; 0; 0; -0; 0
25; 5; 44; 0; 0; 0; 0; -0; 0
25; 6; 32; 0; 0; 0; 0; -0; 0
25; 7; 42; 0; 0; 0; 0; -0; 0
25; 8; 34; -0.172233; 0.00467222; 0.408549; 164.271; -139.347; 36.1525
25; 9; 31; 0; 0; 0; 0; -0; 0
25; 10; 36; 0; 0; 0; 0; -0; 0
25; 11; 35; 0; 0; 0; 0; -0; 0
25; 12; 35; 0; 0; 0; 0; -0; 0
25; 13; 45; 0; 0; 0; 0; -0; 0
25; 14; 43; 0; 0; 0; 0; -0; 0
25; 15; 29; 0; 0; 0; 0; -0; 0
25; 16; 39; 0; 0; 0; 0; -0; 0
25; 17; 48; 0; 0; 0; 0; -0; 0
25; 18; 37; 0; 0; 0; 0; -0; 0
25; 19; 36; 0; 0; 0; 0; -0; 0
25; 20; 40; 0; 0; 0; 0; -0; 0
25; Median: 36; 0; 0; 0; 0; -0; 0
25; Mean: 36.85; -0.00861163; 0.000233611; 0.0204275; 1.80762; -6.96737; 8.21356
25; Range: 19; 0.172233; 0.00467222; 0.408549; 36.1525; 139.347; 164.271
25; Stdev: 5.17953; 0.0375372; 0.00101829; 0.0890413; 7.87925; 30.37; 35.8021
26; 1; 33; 0; 0; 0; 0; -0; 0
26; 2; 27; 0; 0; 0; 0; -0; 0
26; 3; 36; 0; 0; 0; 0; -0; 0
26; 4; 31; 0; 0; 0; 0; -0; 0
26; 5; 34; 0; 0; 0; 0; -0; 0
26; 6; 28; 0; 0; 0; 0; -0; 0
26; 7; 35; 0; 0; 0; 0; -0; 0
26; 8; 32; 0; 0; 0; 0; -0; 0
26; 9; 30; 0; 0; 0; 0; -0; 0
26; 10; 35; 0; 0; 0; 0; -0; 0
26; 11; 32; 0; 0; 0; 0; -0; 0
26; 12; 39; 0; 0; 0; 0; -0; 0
26; 13; 30; 0; 0; 0; 0; -0; 0
26; 14; 28; 0; 0; 0; 0; -0; 0
26; 15; 30; 0; 0; 0; 0; -0; 0
26; 16; 31; 0; 0; 0; 0; -0; 0
26; 17; 39; 0; 0; 0; 0; -0; 0
26; 18; 37; 0; 0; 0; 0; -0; 0
26; 19; 37; 0; 0; 0; 0; -0; 0
26; 20; 36; 0; 0; 0; 0; -0; 0
26; Median: 33; 0; 0; 0; 0; -0; 0
26; Mean: 33; 0; 0; 0; 0; 0; 0
26; Range: 12; 0; 0; 0; 0; 0; 0
26; Stdev: 3.56371; 0; 0; 0; 0; 0; 0
27; 1; 22; 0; 0; 0; 0; -0; 0
27; 2; 35; 0; 0; 0; 0; -0; 0
27; 3; 33; 0; 0; 0; 0; -0; 0
27; 4; 32; 0; 0; 0; 0; -0; 0
27; 5; 31; 0; 0; 0; 0; -0; 0
27; 6; 31; 0; 0; 0; 0; -0; 0
27; 7; 35; 0; 0; 0; 0; -0; 0
27; 8; 25; 0; 0; 0; 0; -0; 0
27; 9; 33; 0; 0; 0; 0; -0; 0
27; 10; 32; 0; 0; 0; 0; -0; 0
27; 11; 32; 0; 0; 0; 0; -0; 0
27; 12; 31; 0; 0; 0; 0; -0; 0
27; 13; 28; 0; 0; 0; 0; -0; 0
27; 14; 26; 0; 0; 0; 0; -0; 0
27; 15; 32; 0; 0; 0; 0; -0; 0
27; 16; 31; 0; 0; 0; 0; -0; 0
27; 17; 28; 0; 0; 0; 0; -0; 0
27; 18; 25; 0; 0; 0; 0; -0; 0
27; 19; 26; 0; 0; 0; 0; -0; 0
27; 20; 28; 0; 0; 0; 0; -0; 0
27; Median: 31; 0; 0; 0; 0; -0; 0
27; Mean: 29.8; 0; 0; 0; 0; 0; 0
27; Range: 13; 0; 0; 0; 0; 0; 0
27; Stdev: 3.50143; 0; 0; 0; 0; 0; 0
28; 1; 29; 0; 0; 0; 0; -0; 0
28; 2; 39; 0; 0; 0; 0; -0; 0
28; 3; 37; 0.279055; 0.179863; 0.581024; 28.9579; -44.4014; 24.4382
28; 4; 44; 0; 0; 0; 0; -0; 0
28; 5; 31; 0; 0; 0; 0; -0; 0
28; 6; 35; 0; 0; 0; 0; -0; 0
28; 7; 29; 0; 0; 0; 0; -0; 0
28; 8; 33; 0; 0; 0; 0; -0; 0
28; 9; 41; 0; 0; 0; 0; -0; 0
28; 10; 42; 0; 0; 0; 0; -0; 0
28; 11; 45; 0; 0; 0; 0; -0; 0
28; 12; 32; 0; 0; 0; 0; -0; 0
28; 13; 39; 0; 0; 0; 0; -0; 0
28; 14; 29; 0; 0; 0; 0; -0; 0
28; 15; 30; 0; 0; 0; 0; -0; 0
28; 16; 37; 0; 0; 0; 0; -0; 0
28; 17; 33; 0; 0; 0; 0; -0; 0
28; 18; 38; 0; 0; 0; 0; -0; 0
28; 19; 38; 0; 0; 0; 0; -0; 0
28; 20; 31; 0; 0; 0; 0; -0; 0
28; Median: 37; 0; 0; 0; 0; -0; 0
28; Mean: 35.6; 0.0139527; 0.00899313; 0.0290512; 1.22191; -2.22007; 1.44789
28; Range: 16; 0.279055; 0.179863; 0.581024; 24.4382; 44.4014; 28.9579
28; Stdev: 4.994; 0.0608185; 0.0392001; 0.126631; 5.32617; 9.67705; 6.31122
29; 1; 41; 0; 0; 0; 0; -0; 0
29; 2; 29; 0; 0; 0; 0; -0; 0
29; 3; 28; 0; 0; 0; 0; -0; 0
29; 4; 34; 0; 0; 0; 0; -0; 0
29; 5; 32; 0; 0; 0; 0; -0; 0
29; 6; 25; 0; 0; 0; 0; -0; 0
29; 7; 39; 0; 0; 0; 0; -0; 0
29; 8; 35; 0; 0; 0; 0; -0; 0
29; 9; 39; 0; 0; 0; 0; -0; 0
29; 10; 34; 0; 0; 0; 0; -0; 0
29; 11; 33; -0.188868; 0.182109; 0.262417; 143.614; 9.3698; 65.7533
29; 12; 39; 0; 0; 0; 0; -0; 0
29; 13; 38; 0.339153; 0.222652; 0.567566; -137.706; 105.445; 99.6156
29; 14; 37; 0; 0; 0; 0; -0; 0
29; 15; 27; 0; 0; 0; 0; -0; 0
29; 16; 38; 0; 0; 0; 0; -0; 0
29; 17; 37; 0; 0; 0; 0; -0; 0
29; 18; 34; 0; 0; 0; 0; -0; 0
29; 19; 35; 0; 0; 0; 0; -0; 0
29; 20; 30; 0; 0; 0; 0; -0; 0
29; Median: 35; 0; 0; 0; 0; -0; 0
29; Mean: 34.2; 0.00751421; 0.020238; 0.0414992; 8.26845; 5.74073; 0.295422
29; Range: 16; 0.528021; 0.222652; 0.567566; 99.6156; 105.445; 281.32
29; Stdev: 4.4; 0.0864773; 0.0610516; 0.13352; 25.3766; 22.9644; 44.4895
30; 1; 38; 0; 0; 0; 0; -0; 0
30; 2; 36; 0; 0; 0; 0; -0; 0
30; 3; 36; 0; 0; 0; 0; -0; 0
30; 4; 42; 0; 0; 0; 0; -0; 0
30; 5; 35; 0; 0; 0; 0; -0; 0
30; 6; 37; 0; 0; 0; 0; -0; 0
30; 7; 36; 0; 0; 0; 0; -0; 0
30; 8; 35; 0; 0; 0; 0; -0; 0
30; 9; 38; 0; 0; 0; 0; -0; 0
30; 10; 38; 0; 0; 0; 0; -0; 0
30; 11; 43; 0; 0; 0; 0; -0; 0
30; 12; 43; 0; 0; 0; 0; -0; 0
30; 13; 35; 0; 0; 0; 0; -0; 0
30; 14; 30; 0; 0; 0; 0; -0; 0
30; 15; 37; 0; 0; 0; 0; -0; 0
30; 16; 40; 0; 0; 0; 0; -0; 0
30; 17; 34; 0; 0; 0; 0; -0; 0
30; 18; 34; 0; 0; 0; 0; -0; 0
30; 19; 42; 0; 0; 0; 0; -0; 0
30; 20; 40; 0; 0; 0; 0; -0; 0
30; Median: 37; 0; 0; 0; 0; -0; 0
30; Mean: 37.45; 0; 0; 0; 0; 0; 0
30; Range: 13; 0; 0; 0; 0; 0; 0
30; Stdev: 3.32378; 0; 0; 0; 0; 0; 0
31; 1; 28; 0; 0; 0; 0; -0; 0
31; 2; 39; 0; 0; 0; 0; -0; 0
31; 3; 32; 0; 0; 0; 0; -0; 0
31; 4; 41; 0; 0; 0; 0; -0; 0
31; 5; 32; 0; 0; 0; 0; -0; 0
31; 6; 40; 0; 0; 0; 0; -0; 0
31; 7; 45; 0; 0; 0; 0; -0; 0
31; 8; 36; 0; 0; 0; 0; -0; 0
31; 9; 35; 0; 0; 0; 0; -0; 0
31; 10; 36; 0; 0; 0; 0; -0; 0
31; 11; 44; 0; 0; 0; 0; -0; 0
31; 12; 36; 0; 0; 0; 0; -0; 0
31; 13; 35; 0; 0; 0; 0; -0; 0
31; 14; 38; 0; 0; 0; 0; -0; 0
31; 15; 38; 0; 0; 0; 0; -0; 0
31; 16; 34; 0; 0; 0; 0; -0; 0
31; 17; 35; 0; 0; 0; 0; -0; 0
31; 18; 34; 0; 0; 0; 0; -0; 0
31; 19; 34; 0; 0; 0; 0; -0; 0
31; 20; 43; 0; 0; 0; 0; -0; 0
31; Median: 36; 0; 0; 0; 0; -0; 0
31; Mean: 36.75; 0; 0; 0; 0; 0; 0
31; Range: 17; 0; 0; 0; 0; 0; 0
31; Stdev: 4.19375; 0; 0; 0; 0; 0; 0
32; 1; 29; 0; 0; 0; 0; -0; 0
32; 2; 29; 0; 0; 0; 0; -0; 0
32; 3; 29; 0; 0; 0; 0; -0; 0
32; 4; 31; 0; 0; 0; 0; -0; 0
32; 5; 35; -0.324119; -0.701073; 3.44092; -108.573; 44.8561; 170.845
32; 6; 32; 0; 0; 0; 0; -0; 0
32; 7; 34; 0; 0; 0; 0; -0; 0
32; 8; 33; 0; 0; 0; 0; -0; 0
32; 9; 36; 0; 0; 0; 0; -0; 0
32; 10; 36; 0; 0; 0; 0; -0; 0
32; 11; 35; 0; 0; 0; 0; -0; 0
32; 12; 32; 0; 0; 0; 0; -0; 0
32; 13; 34; 0; 0; 0; 0; -0; 0
32; 14; 39; 0; 0; 0; 0; -0; 0
32; 15; 36; 0; 0; 0; 0; -0; 0
32; 16; 31; 0.118094; -0.102217; 0.171627; -24.1515; 11.9311; 69.3738
32; 17; 43; 0; 0; 0; 0; -0; 0
32; 18; 29; 0; 0; 0; 0; -0; 0
32; 19; 30; 0; 0; 0; 0; -0; 0
32; 20; 39; 0; 0; 0; 0; -0; 0
32; Median: 34; 0; 0; 0; 0; -0; 0
32; Mean: 33.6; -0.0103012; -0.0401645; 0.180627; 12.0109; 2.83936; -6.6362
32; Range: 14; 0.442213; 0.701073; 3.44092; 170.845; 44.8561; 108.573
32; Stdev: 3.77359; 0.076445; 0.153246; 0.748895; 39.4433; 9.98294; 23.9693
33; 1; 43; 0; 0; 0; 0; -0; 0
33; 2; 36; 0; 0; 0; 0; -0; 0
33; 3; 39; 0; 0; 0; 0; -0; 0
33; 4; 37; 0; 0; 0; 0; -0; 0
33; 5; 36; 0; 0; 0; 0; -0; 0
33; 6; 32; 0; 0; 0; 0; -0; 0
33; 7; 28; 0; 0; 0; 0; -0; 0
33; 8; 38; 0; 0; 0; 0; -0; 0
33; 9; 40; 0; 0; 0; 0; -0; 0
33; 10; 34; 0; 0; 0; 0; -0; 0
33; 11; 35; 0; 0; 0; 0; -0; 0
33; 12; 34; 0; 0; 0; 0; -0; 0
33; 13; 35; 0; 0; 0; 0; -0; 0
33; 14; 36; -0.239012; -0.63892; 3.36908; -76.1583; 35.9199; 178.624
33; 15; 34; 0; 0; 0; 0; -0; 0
33; 16; 29; 0; 0; 0; 0; -0; 0
33; 17; 36; 0; 0; 0; 0; -0; 0
33; 18; 31; 0; 0; 0; 0; -0; 0
33; 19; 43; 0; 0; 0; 0; -0; 0
33; 20; 34; 0; 0; 0; 0; -0; 0
33; Median: 36; 0; 0; 0; 0; -0; 0
33; Mean: 35.5; -0.0119506; -0.031946; 0.168454; 8.93121; 1.79599; -3.80792
33; Range: 15; 0.239012; 0.63892; 3.36908; 178.624; 35.9199; 76.1583
33; Stdev: 3.84057; 0.0520915; 0.139249; 0.734274; 38.9302; 7.82856; 16.5983
34; 1; 35; 0; 0; 0; 0; -0; 0
34; 2; 45; 0; 0; 0; 0; -0; 0
34; 3; 51; 0; 0; 0; 0; -0; 0
34; 4; 41; 0; 0; 0; 0; -0; 0
34; 5; 36; 0; 0; 0; 0; -0; 0
34; 6; 41; 0; 0; 0; 0; -0; 0
34; 7; 33; 0; 0; 0; 0; -0; 0
34; 8; 38; 0; 0; 0; 0; -0; 0
34; 9; 37; 0; 0; 0; 0; -0; 0
34; 10; 39; 0; 0; 0; 0; -0; 0
34; 11; 34; 0; 0; 0; 0; -0; 0
34; 12; 44; 0; 0; 0; 0; -0; 0
34; 13; 39; 0; 0; 0; 0; -0; 0
34; 14; 29; 0; 0; 0; 0; -0; 0
34; 15; 32; 0; 0; 0; 0; -0; 0
34; 16; 35; 0; 0; 0; 0; -0; 0
34; 17; 28; 0; 0; 0; 0; -0; 0
34; 18; 44; 0; 0; 0; 0; -0; 0
34; 19; 36; 0; 0; 0; 0; -0; 0
34; 20; 47; 0; 0; 0; 0; -0; 0
34; Median: 38; 0; 0; 0; 0; -0; 0
34; Mean: 38.2; 0; 0; 0; 0; 0; 0
34; Range: 23; 0; 0; 0; 0; 0; 0
34; Stdev: 5.81034; 0; 0; 0; 0; 0; 0
35; 1; 32; -0.213173; -0.0582121; 0.432563; 178.646; -38.3031; 39.5258
35; 2; 40; 0; 0; 0; 0; -0; 0
35; 3; 35; 0; 0; 0; 0; -0; 0
35; 4; 22; 0; 0; 0; 0; -0; 0
35; 5; 34; 0; 0; 0; 0; -0; 0
35; 6; 27; 0; 0; 0; 0; -0; 0
35; 7; 36; 0; 0; 0; 0; -0; 0
35; 8; 33; 0; 0; 0; 0; -0; 0
35; 9; 33; 0; 0; 0; 0; -0; 0
35; 10; 31; 0; 0; 0; 0; -0; 0
35; 11; 37; 0.158258; -0.238971; 1.10219; -63.6711; 113.067; 101.452
35; 12; 30; 0; 0; 0; 0; -0; 0
35; 13; 32; 0; 0; 0; 0; -0; 0
35; 14; 42; 0; 0; 0; 0; -0; 0
35; 15; 40; 0; 0; 0; 0; -0; 0
35; 16; 31; 0; 0; 0; 0; -0; 0
35; 17; 35; 0; 0; 0; 0; -0; 0
35; 18; 36; 0; 0; 0; 0; -0; 0
35; 19; 35; 0; 0; 0; 0; -0; 0
35; 20; 32; 0; 0; 0; 0; -0; 0
35; Median: 34; 0; 0; 0; 0; -0; 0
35; Mean: 33.65; -0.00274574; -0.0148591; 0.0767375; 7.04887; 3.73818; 5.74876
35; Range: 20; 0.37143; 0.238971; 1.10219; 101.452; 151.37; 242.317
35; Stdev: 4.44157; 0.0593032; 0.0529527; 0.253392; 23.3034; 26.4308; 42.0164
36; 1; 30; 0; 0; 0; 0; -0; 0
36; 2; 34; 0; 0; 0; 0; -0; 0
36; 3; 32; 0; 0; 0; 0; -0; 0
36; 4; 29; 0; 0; 0; 0; -0; 0
36; 5; 46; 0; 0; 0; 0; -0; 0
36; 6; 38; 0; 0; 0; 0; -0; 0
36; 7; 32; 0; 0; 0; 0; -0; 0
36; 8; 33; 0; 0; 0; 0; -0; 0
36; 9; 35; 0; 0; 0; 0; -0; 0
36; 10; 29; 0; 0; 0; 0; -0; 0
36; 11; 31; 0; 0; 0; 0; -0; 0
36; 12; 29; 0; 0; 0; 0; -0; 0
36; 13; 35; 0; 0; 0; 0; -0; 0
36; 14; 28; 0; 0; 0; 0; -0; 0
36; 15; 34; 0; 0; 0; 0; -0; 0
36; 16; 36; 0; 0; 0; 0; -0; 0
36; 17; 27; 0; 0; 0; 0; -0; 0
36; 18; 30; 0; 0; 0; 0; -0; 0
36; 19; 39; 0; 0; 0; 0; -0; 0
36; 20; 27; 0; 0; 0; 0; -0; 0
36; Median: 32; 0; 0; 0; 0; -0; 0
36; Mean: 32.7; 0; 0; 0; 0; 0; 0
36; Range: 19; 0; 0; 0; 0; 0; 0
36; Stdev: 4.5618; 0; 0; 0; 0; 0; 0
37; 1; 31; 0; 0; 0; 0; -0; 0
37; 2; 35; 0; 0; 0; 0; -0; 0
37; 3; 36; 0; 0; 0; 0; -0; 0
37; 4; 34; 0; 0; 0; 0; -0; 0
37; 5; 35; 0; 0; 0; 0; -0; 0
37; 6; 44; 0; 0; 0; 0; -0; 0
37; 7; 29; 0; 0; 0; 0; -0; 0
37; 8; 38; 0; 0; 0; 0; -0; 0
37; 9; 25; 0; 0; 0; 0; -0; 0
37; 10; 30; 0; 0; 0; 0; -0; 0
37; 11; 38; 0; 0; 0; 0; -0; 0
37; 12; 26; 0; 0; 0; 0; -0; 0
37; 13; 32; 0; 0; 0; 0; -0; 0
37; 14; 29; 0; 0; 0; 0; -0; 0
37; 15; 36; -0.25726; -0.947348; 3.95342; -126.51; 27.9873; 173.734
37; 16; 32; 0; 0; 0; 0; -0; 0
37; 17; 37; 0; 0; 0; 0; -0; 0
37; 18; 33; 0; 0; 0; 0; -0; 0
37; 19; 32; 0; 0; 0; 0; -0; 0
37; 20; 28; 0; 0; 0; 0; -0; 0
37; Median: 33; 0; 0; 0; 0; -0; 0
37; Mean: 33; -0.012863; -0.0473674; 0.197671; 8.68668; 1.39937; -6.32549
37; Range: 19; 0.25726; 0.947348; 3.95342; 173.734; 27.9873; 126.51
37; Stdev: 4.47214; 0.0560685; 0.20647; 0.861627; 37.8644; 6.0997; 27.5722
38; 1; 27; 0; 0; 0; 0; -0; 0
38; 2; 26; 0; 0; 0; 0; -0; 0
38; 3; 33; 0; 0; 0; 0; -0; 0
38; 4; 26; 0; 0; 0; 0; -0; 0
38; 5; 27; 0; 0; 0; 0; -0; 0
38; 6; 27; 0; 0; 0; 0; -0; 0
38; 7; 27; 0; 0; 0; 0; -0; 0
38; 8; 24; 0; 0; 0; 0; -0; 0
38; 9; 32; 0; 0; 0; 0; -0; 0
38; 10; 27; 0; 0; 0; 0; -0; 0
38; 11; 35; 0; 0; 0; 0; -0; 0
38; 12; 28; 0; 0; 0; 0; -0; 0
38; 13; 30; 0; 0; 0; 0; -0; 0
38; 14; 34; 0; 0; 0; 0; -0; 0
38; 15; 31; 0; 0; 0; 0; -0; 0
38; 16; 29; 0; 0; 0; 0; -0; 0
38; 17; 31; -0.08821; -0.0849285; 0.0129575; -152.719; -157.898; 94.1253
38; 18; 31; 0; 0; 0; 0; -0; 0
38; 19; 38; 0; 0; 0; 0; -0; 0
38; 20; 34; 0; 0; 0; 0; -0; 0
38; Median: 30; 0; 0; 0; 0; -0; 0
38; Mean: 29.85; -0.0044105; -0.00424642; 0.000647877; 4.70627; -7.89488; -7.63594
38; Range: 14; 0.08821; 0.0849285; 0.0129575; 94.1253; 157.898; 152.719
38; Stdev: 3.56756; 0.0192249; 0.0185097; 0.00282403; 20.5141; 34.413; 33.2843
39; 1; 20; 0; 0; 0; 0; -0; 0
39; 2; 32; 0; 0; 0; 0; -0; 0
39; 3; 30; 0; 0; 0; 0; -0; 0
39; 4; 26; 0; 0; 0; 0; -0; 0
39; 5; 34; 0; 0; 0; 0; -0; 0
39; 6; 29; 0; 0; 0; 0; -0; 0
39; 7; 33; 0; 0; 0; 0; -0; 0
39; 8; 26; 0; 0; 0; 0; -0; 0
39; 9; 28; 0; 0; 0; 0; -0; 0
39; 10; 39; 0; 0; 0; 0; -0; 0
39; 11; 28; 0; 0; 0; 0; -0; 0
39; 12; 27; 0; 0; 0; 0; -0; 0
39; 13; 32; 0; 0; 0; 0; -0; 0
39; 14; 33; 0; 0; 0; 0; -0; 0
39; 15; 27; 0; 0; 0; 0; -0; 0
39; 16; 34; 0; 0; 0; 0; -0; 0
39; 17; 34; 0; 0; 0; 0; -0; 0
39; 18; 31; 0; 0; 0; 0; -0; 0
39; 19; 35; 0; 0; 0; 0; -0; 0
39; 20; 31; 0; 0; 0; 0; -0; 0
39; Median: 31; 0; 0; 0; 0; -0; 0
39; Mean: 30.45; 0; 0; 0; 0; 0; 0
39; Range: 19; 0; 0; 0; 0; 0; 0
39; Stdev: 4.10457; 0; 0; 0; 0; 0; 0
40; 1; 29; 0; 0; 0; 0; -0; 0
40; 2; 38; 0; 0; 0; 0; -0; 0
40; 3; 30; 0; 0; 0; 0; -0; 0
40; 4; 24; 0; 0; 0; 0; -0; 0
40; 5; 29; 0; 0; 0; 0; -0; 0
40; 6; 31; 0; 0; 0; 0; -0; 0
40; 7; 30; 0; 0; 0; 0; -0; 0
40; 8; 35; 0; 0; 0; 0; -0; 0
40; 9; 28; 0; 0; 0; 0; -0; 0
40; 10; 33; 0; 0; 0; 0; -0; 0
40; 11; 28; 0.0652266; -0.110841; 0.722416; -70.4761; 16.4102; 56.6514
40; 12; 41; 0; 0; 0; 0; -0; 0
40; 13; 31; 0; 0; 0; 0; -0; 0
40; 14; 41; 0; 0; 0; 0; -0; 0
40; 15; 34; 0; 0; 0; 0; -0; 0
40; 16; 26; 0; 0; 0; 0; -0; 0
40; 17; 32; 0; 0; 0; 0; -0; 0
40; 18; 34; -0.194713; -0.113041; 0.132979; 2.69703; 12.3048; 26.8117
40; 19; 37; 0; 0; 0; 0; -0; 0
40; 20; 25; 0; 0; 0; 0; -0; 0
40; Median: 31; 0; 0; 0; 0; -0; 0
40; Mean: 31.8; -0.00647434; -0.0111941; 0.0427697; 4.17315; 1.43575; -3.38896
40; Range: 17; 0.25994; 0.113041; 0.722416; 56.6514; 16.4102; 73.1732
40; Stdev: 4.7392; 0.0454585; 0.0335841; 0.158585; 13.379; 4.35589; 15.402
41; 1; 28; 0; 0; 0; 0; -0; 0
41; 2; 32; 0.0482867; -0.266879; 0.809651; 14.8493; 32.6538; 125.817
41; 3; 36; 0; 0; 0; 0; -0; 0
41; 4; 39; 0; 0; 0; 0; -0; 0
41; 5; 29; 0.108757; 0.0354926; 0.22895; -7.89028; 18.3927; 121.558
41; 6; 28; 0; 0; 0; 0; -0; 0
41; 7; 29; 0; 0; 0; 0; -0; 0
41; 8; 34; 0; 0; 0; 0; -0; 0
41; 9; 28; 0; 0; 0; 0; -0; 0
41; 10; 29; 0; 0; 0; 0; -0; 0
41; 11; 33; 0; 0; 0; 0; -0; 0
41; 12; 33; 0; 0; 0; 0; -0; 0
41; 13; 35; 0; 0; 0; 0; -0; 0
41; 14; 30; 0; 0; 0; 0; -0; 0
41; 15; 34; 0; 0; 0; 0; -0; 0
41; 16; 29; 0; 0; 0; 0; -0; 0
41; 17; 30; 0; 0; 0; 0; -0; 0
41; 18; 37; 0; 0; 0; 0; -0; 0
41; 19; 36; 0; 0; 0; 0; -0; 0
41; 20; 38; 0; 0; 0; 0; -0; 0
41; Median: 33; 0; 0; 0; 0; -0; 0
41; Mean: 32.35; 0.00785216; -0.0115693; 0.05193; 12.3687; 2.55232; 0.347949
41; Range: 11; 0.108757; 0.302371; 0.809651; 125.817; 32.6538; 22.7396
41; Stdev: 3.53942; 0.0254229; 0.0590792; 0.180834; 37.1123; 7.98208; 3.7439
42; 1; 30; 0; 0; 0; 0; -0; 0
42; 2; 24; 0; 0; 0; 0; -0; 0
42; 3; 23; 0; 0; 0; 0; -0; 0
42; 4; 27; 0; 0; 0; 0; -0; 0
42; 5; 23; 0; 0; 0; 0; -0; 0
42; 6; 20; 0; 0; 0; 0; -0; 0
42; 7; 28; 0; 0; 0; 0; -0; 0
42; 8; 26; 0; 0; 0; 0; -0; 0
42; 9; 27; 0; 0; 0; 0; -0; 0
42; 10; 15; 0; 0; 0; 0; -0; 0
42; 11; 27; 0; 0; 0; 0; -0; 0
42; 12; 24; 0; 0; 0; 0; -0; 0
42; 13; 31; 0; 0; 0; 0; -0; 0
42; 14; 23; 0; 0; 0; 0; -0; 0
42; 15; 24; 0; 0; 0; 0; -0; 0
42; 16; 28; 0; 0; 0; 0; -0; 0
42; 17; 32; 0; 0; 0; 0; -0; 0
42; 18; 27; 0; 0; 0; 0; -0; 0
42; 19; 29; 0; 0; 0; 0; -0; 0
42; 20; 33; 0; 0; 0; 0; -0; 0
42; Median: 27; 0; 0; 0; 0; -0; 0
42; Mean: 26.05; 0; 0; 0; 0; 0; 0
42; Range: 18; 0; 0; 0; 0; 0; 0
42; Stdev: 4.14095; 0; 0; 0; 0; 0; 0
43; 1; 26; 0; 0; 0; 0; -0; 0
43; 2; 23; 0; 0; 0; 0; -0; 0
43; 3; 25; 0; 0; 0; 0; -0; 0
43; 4; 23; 0; 0; 0; 0; -0; 0
43; 5; 20; 0; 0; 0; 0; -0; 0
43; 6; 17; 0; 0; 0; 0; -0; 0
43; 7; 21; 0; 0; 0; 0; -0; 0
43; 8; 24; 0; 0; 0; 0; -0; 0
43; 9; 26; -0.0515515; -0.213086; 0.259091; -100.541; -145.853; 38.3136
43; 10; 26; 0; 0; 0; 0; -0; 0
43; 11; 15; 0; 0; 0; 0; -0; 0
43; 12; 23; 0; 0; 0; 0; -0; 0
43; 13; 17; 0; 0; 0; 0; -0; 0
43; 14; 33; 0; 0; 0; 0; -0; 0
43; 15; 17; 0; 0; 0; 0; -0; 0
43; 16; 22; 0; 0; 0; 0; -0; 0
43; 17; 25; 0; 0; 0; 0; -0; 0
43; 18; 23; 0; 0; 0; 0; -0; 0
43; 19; 22; 0; 0; 0; 0; -0; 0
43; 20; 21; 0; 0; 0; 0; -0; 0
43; Median: 23; 0; 0; 0; 0; -0; 0
43; Mean: 22.45; -0.00257757; -0.0106543; 0.0129546; 1.91568; -7.29266; -5.02705
43; Range: 18; 0.0515515; 0.213086; 0.259091; 38.3136; 145.853; 100.541
43; Stdev: 4.00593; 0.0112354; 0.046441; 0.0564676; 8.35026; 31.7879; 21.9124
44; 1; 22; 0; 0; 0; 0; -0; 0
44; 2; 30; 0; 0; 0; 0; -0; 0
44; 3; 29; 0; 0; 0; 0; -0; 0
44; 4; 25; 0; 0; 0; 0; -0; 0
44; 5; 21; 0; 0; 0; 0; -0; 0
44; 6; 30; 0; 0; 0; 0; -0; 0
44; 7; 26; 0; 0; 0; 0; -0; 0
44; 8; 28; -0.249018; -0.131244; 0.650258; 103.052; -27.6176; 148.29
44; 9; 22; 0; 0; 0; 0; -0; 0
44; 10; 25; 0; 0; 0; 0; -0; 0
44; 11; 23; 0; 0; 0; 0; -0; 0
44; 12; 28; 0; 0; 0; 0; -0; 0
44; 13; 21; 0; 0; 0; 0; -0; 0
44; 14; 25; 0; 0; 0; 0; -0; 0
44; 15; 20; 0; 0; 0; 0; -0; 0
44; 16; 23; 0; 0; 0; 0; -0; 0
44; 17; 22; 0; 0; 0; 0; -0; 0
44; 18; 22; 0; 0; 0; 0; -0; 0
44; 19; 24; 0; 0; 0; 0; -0; 0
44; 20; 19; 0; 0; 0; 0; -0; 0
44; Median: 24; 0; 0; 0; 0; -0; 0
44; Mean: 24.25; -0.0124509; -0.0065622; 0.0325129; 7.41449; -1.38088; 5.15261
44; Range: 11; 0.249018; 0.131244; 0.650258; 148.29; 27.6176; 103.052
44; Stdev: 3.25384; 0.0542721; 0.028604; 0.14172; 32.319; 6.01911; 22.4597
45; 1; 26; 0; 0; 0; 0; -0; 0
45; 2; 20; 0; 0; 0; 0; -0; 0
45; 3; 32; 0; 0; 0; 0; -0; 0
45; 4; 26; 0; 0; 0; 0; -0; 0
45; 5; 26; 0; 0; 0; 0; -0; 0
45; 6; 29; 0; 0; 0; 0; -0; 0
45; 7; 26; 0; 0; 0; 0; -0; 0
45; 8; 29; 0; 0; 0; 0; -0; 0
45; 9; 26; 0; 0; 0; 0; -0; 0
45; 10; 24; 0; 0; 0; 0; -0; 0
45; 11; 26; 0; 0; 0; 0; -0; 0
45; 12; 24; 0; 0; 0; 0; -0; 0
45; 13; 25; 0; 0; 0; 0; -0; 0
45; 14; 26; -0.0331068; 0.0548135; 0.956217; -89.4652; 12.9869; 89.3554
45; 15; 29; 0; 0; 0; 0; -0; 0
45; 16; 27; 0; 0; 0; 0; -0; 0
45; 17; 32; 0; 0; 0; 0; -0; 0
45; 18; 26; 0; 0; 0; 0; -0; 0
45; 19; 19; 0; 0; 0; 0; -0; 0
45; 20; 29; 0; 0; 0; 0; -0; 0
45; Median: 26; 0; 0; 0; 0; -0; 0
45; Mean: 26.35; -0.00165534; 0.00274068; 0.0478109; 4.46777; 0.649344; -4.47326
45; Range: 13; 0.0331068; 0.0548135; 0.956217; 89.3554; 12.9869; 89.4652
45; Stdev: 3.16662; 0.00721547; 0.0119463; 0.208403; 19.4746; 2.83043; 19.4985
46; 1; 22; 0; 0; 0; 0; -0; 0
46; 2; 24; 0; 0; 0; 0; -0; 0
46; 3; 23; 0; 0; 0; 0; -0; 0
46; 4; 23; 0; 0; 0; 0; -0; 0
46; 5; 24; 0; 0; 0; 0; -0; 0
46; 6; 27; 0; 0; 0; 0; -0; 0
46; 7; 21; 0; 0; 0; 0; -0; 0
46; 8; 21; 0; 0; 0; 0; -0; 0
46; 9; 26; 0; 0; 0; 0; -0; 0
46; 10; 15; 0.00178833; -0.280188; 0.571688; 97.5022; 60.7914; 139.281
46; 11; 19; 0; 0; 0; 0; -0; 0
46; 12; 16; 0; 0; 0; 0; -0; 0
46; 13; 20; 0; 0; 0; 0; -0; 0
46; 14; 23; 0; 0; 0; 0; -0; 0
46; 15; 24; 0; 0; 0; 0; -0; 0
46; 16; 23; 0; 0; 0; 0; -0; 0
46; 17; 25; 0; 0; 0; 0; -0; 0
46; 18; 19; 0; 0; 0; 0; -0; 0
46; 19; 16; 0; 0; 0; 0; -0; 0
46; 20; 15; 0; 0; 0; 0; -0; 0
46; Median: 23; 0; 0; 0; 0; -0; 0
46; Mean: 21.3; 8.94165e-05; -0.0140094; 0.0285844; 6.96407; 3.03957; 4.87511
46; Range: 12; 0.00178833; 0.280188; 0.571688; 139.281; 60.7914; 97.5022
46; Stdev: 3.53695; 0.000389757; 0.0610655; 0.124597; 30.3557; 13.2492; 21.2501
47; 1; 22; 0; 0; 0; 0; -0; 0
47; 2; 21; 0; 0; 0; 0; -0; 0
47; 3; 30; 0; 0; 0; 0; -0; 0
47; 4; 23; 0; 0; 0; 0; -0; 0
47; 5; 29; 0; 0; 0; 0; -0; 0
47; 6; 26; 0; 0; 0; 0; -0; 0
47; 7; 23; 0; 0; 0; 0; -0; 0
47; 8; 19; 0; 0; 0; 0; -0; 0
47; 9; 18; 0; 0; 0; 0; -0; 0
47; 10; 20; 0; 0; 0; 0; -0; 0
47; 11; 21; 0; 0; 0; 0; -0; 0
47; 12; 25; 0; 0; 0; 0; -0; 0
47; 13; 19; 0; 0; 0; 0; -0; 0
47; 14; 23; 0; 0; 0; 0; -0; 0
47; 15; 25; 0; 0; 0; 0; -0; 0
47; 16; 15; 0; 0; 0; 0; -0; 0
47; 17; 21; 0; 0; 0; 0; -0; 0
47; 18; 18; 0; 0; 0; 0; -0; 0
47; 19; 23; 0; 0; 0; 0; -0; 0
47; 20; 31; 0; 0; 0; 0; -0; 0
47; Median: 23; 0; 0; 0; 0; -0; 0
47; Mean: 22.6; 0; 0; 0; 0; 0; 0
47; Range: 16; 0; 0; 0; 0; 0; 0
47; Stdev: 4.06694; 0; 0; 0; 0; 0; 0
48; 1; 24; 0; 0; 0; 0; -0; 0
48; 2; 20; 0; 0; 0; 0; -0; 0
48; 3; 28; 0; 0; 0; 0; -0; 0
48; 4; 24; 0; 0; 0; 0; -0; 0
48; 5; 26; -0.192968; 0.0304479; 0.484941; 16.7519; 8.55996; 147.102
48; 6; 27; 0; 0; 0; 0; -0; 0
48; 7; 19; 0; 0; 0; 0; -0; 0
48; 8; 23; 0; 0; 0; 0; -0; 0
48; 9; 17; 0; 0; 0; 0; -0; 0
48; 10; 26; 0; 0; 0; 0; -0; 0
48; 11; 24; 0; 0; 0; 0; -0; 0
48; 12; 24; 0; 0; 0; 0; -0; 0
48; 13; 25; 0; 0; 0; 0; -0; 0
48; 14; 21; 0; 0; 0; 0; -0; 0
48; 15; 24; 0; 0; 0; 0; -0; 0
48; 16; 20; 0.00670247; 0.286542; 0.400059; -55.5352; 54.8589; 157.046
48; 17; 24; 0; 0; 0; 0; -0; 0
48; 18; 25; 0; 0; 0; 0; -0; 0
48; 19; 27; 0; 0; 0; 0; -0; 0
48; 20; 17; 0; 0; 0; 0; -0; 0
48; Median: 24; 0; 0; 0; 0; -0; 0
48; Mean: 23.25; -0.00931326; 0.0158495; 0.04425; 15.2074; 3.17094; -1.93917
48; Range: 11; 0.19967; 0.286542; 0.484941; 157.046; 54.8589; 72.2871
48; Stdev: 3.14444; 0.0421585; 0.0624538; 0.133427; 45.6492; 12.0035; 12.8249
49; 1; 21; 0; 0; 0; 0; -0; 0
49; 2; 29; 0; 0; 0; 0; -0; 0
49; 3; 26; 0; 0; 0; 0; -0; 0
49; 4; 27; 0; 0; 0; 0; -0; 0
49; 5; 25; 0; 0; 0; 0; -0; 0
49; 6; 23; 0; 0; 0; 0; -0; 0
49; 7; 18; 0; 0; 0; 0; -0; 0
49; 8; 22; 0; 0; 0; 0; -0; 0
49; 9; 22; 0; 0; 0; 0; -0; 0
49; 10; 20; 0; 0; 0; 0; -0; 0
49; 11; 25; 0; 0; 0; 0; -0; 0
49; 12; 27; 0; 0; 0; 0; -0; 0
49; 13; 22; 0; 0; 0; 0; -0; 0
49; 14; 20; 0; 0; 0; 0; -0; 0
49; 15; 28; 0; 0; 0; 0; -0; 0
49; 16; 19; 0; 0; 0; 0; -0; 0
49; 17; 18; 0; 0; 0; 0; -0; 0
49; 18; 26; 0; 0; 0; 0; -0; 0
49; 19; 22; 0; 0; 0; 0; -0; 0
49; 20; 25; 0; 0; 0; 0; -0; 0
49; Median: 23; 0; 0; 0; 0; -0; 0
49; Mean: 23.25; 0; 0; 0; 0; 0; 0
49; Range: 11; 0; 0; 0; 0; 0; 0
49; Stdev: 3.26917; 0; 0; 0; 0; 0; 0
50; 1; 25; 0; 0; 0; 0; -0; 0
50; 2; 15; 0; 0; 0; 0; -0; 0
50; 3; 15; 0; 0; 0; 0; -0; 0
50; 4; 25; 0; 0; 0; 0; -0; 0
50; 5; 18; 0; 0; 0; 0; -0; 0
50; 6; 23; 0; 0; 0; 0; -0; 0
50; 7; 15; 0; 0; 0; 0; -0; 0
50; 8; 19; 0; 0; 0; 0; -0; 0
50; 9; 18; 0; 0; 0; 0; -0; 0
50; 10; 19; 0; 0; 0; 0; -0; 0
50; 11; 19; 0; 0; 0; 0; -0; 0
50; 12; 26; 0; 0; 0; 0; -0; 0
50; 13; 16; 0; 0; 0; 0; -0; 0
50; 14; 21; 0; 0; 0; 0; -0; 0
50; 15; 14; 0; 0; 0; 0; -0; 0
50; 16; 19; 0; 0; 0; 0; -0; 0
50; 17; 17; 0; 0; 0; 0; -0; 0
50; 18; 16; 0; 0; 0; 0; -0; 0
50; 19; 29; 0; 0; 0; 0; -0; 0
50; 20; 14; 0; 0; 0; 0; -0; 0
50; Median: 19; 0; 0; 0; 0; -0; 0
50; Mean: 19.15; 0; 0; 0; 0; 0; 0
50; Range: 15; 0; 0; 0; 0; 0; 0
50; Stdev: 4.25764; 0; 0; 0; 0; 0; 0
