Linear Detection Measurement - Goesser_35_77_
Pose p; Framenumber n; number of detected matches; targetpose px[m]; py[m]; pz[m]; rotx[°]; roty[°]; rotz[°]
Pose p; calculate Median
Pose p; calculate Mittelwert
Pose p; calculate Spannweite
Pose p; calculate Stdev
1; 1; 68; 0.258092; -0.0199823; 0.81847; 50.5251; -162.933; 10.7287
1; 2; 75; 0.260034; -0.0316501; 0.790062; 48.8624; -157.123; 9.69266
1; 3; 68; 0; 0; 0; 0; -0; 0
1; 4; 50; 0; 0; 0; 0; -0; 0
1; 5; 69; 0.331369; 0.160501; 0.695031; 81.2549; -169.554; 34.7341
1; 6; 67; 0; 0; 0; 0; -0; 0
1; 7; 61; 0; 0; 0; 0; -0; 0
1; 8; 70; 0.247257; 0.0498429; 0.984741; 46.3745; -171.653; 25.6617
1; 9; 64; 0; 0; 0; 0; -0; 0
1; 10; 67; 0.265953; -0.0192303; 0.793214; 48.1591; -162.084; 12.4671
1; 11; 77; 0; 0; 0; 0; -0; 0
1; 12; 64; 0.249597; -0.140088; 0.465305; 36.3776; -166.749; 10.2874
1; 13; 77; 0; 0; 0; 0; -0; 0
1; 14; 62; 0; 0; 0; 0; -0; 0
1; 15; 71; 0; 0; 0; 0; -0; 0
1; 16; 64; 0.251956; -0.0158148; 0.68511; 57.5868; -152.991; 9.19801
1; 17; 52; 0; 0; 0; 0; -0; 0
1; 18; 61; 0; 0; 0; 0; -0; 0
1; 19; 67; -0.269718; -0.0896869; 0.22205; 88.2098; 6.11697; 15.5282
1; 20; 61; 0; 0; 0; 0; -0; 0
1; Median: 67; 0; 0; 0; 0; -0; 0
1; Mean: 65.75; 0.079727; -0.00530545; 0.272699; 6.41489; -56.8485; 22.8675
1; Range: 27; 0.601087; 0.30059; 0.984741; 34.7341; 177.77; 88.2098
1; Stdev: 6.84744; 0.14955; 0.0535591; 0.362212; 9.58646; 78.2091; 29.9789
2; 1; 70; 0.264846; -0.0111603; 0.818067; 47.3146; -168.273; 14.6894
2; 2; 69; 0.126154; 0.519421; 1.20028; 154.796; 176.042; 7.68443
2; 3; 70; 0; 0; 0; 0; -0; 0
2; 4; 62; 0; 0; 0; 0; -0; 0
2; 5; 73; -0.290621; -0.204664; 0.483079; -171.662; 17.3497; 74.1244
2; 6; 58; 0.286034; 0.298204; 1.16251; 106.954; -140.714; 5.29427
2; 7; 69; 0; 0; 0; 0; -0; 0
2; 8; 66; 0; 0; 0; 0; -0; 0
2; 9; 66; 0.26185; -0.0258272; 0.781549; 49.9558; -157.882; 10.6127
2; 10; 67; 0.26114; -0.0283542; 0.778372; 49.9271; -157.866; 10.1992
2; 11; 69; 0; 0; 0; 0; -0; 0
2; 12; 56; 0; 0; 0; 0; -0; 0
2; 13; 63; 0.260262; -0.0156145; 0.829242; 48.6575; -167.295; 12.1251
2; 14; 75; 0; 0; 0; 0; -0; 0
2; 15; 62; 0; 0; 0; 0; -0; 0
2; 16; 61; 0; 0; 0; 0; -0; 0
2; 17; 63; 0; 0; 0; 0; -0; 0
2; 18; 70; 0; 0; 0; 0; -0; 0
2; 19; 67; 0; 0; 0; 0; -0; 0
2; 20; 65; 0.259214; 0.0149415; 0.915735; 53.1777; -163.698; 11.0595
2; Median: 67; 0; 0; 0; 0; -0; 0
2; Mean: 66.05; 0.0714439; 0.0273473; 0.348442; 7.28945; -38.1169; 16.9561
2; Range: 19; 0.576654; 0.724084; 1.20028; 74.1244; 344.316; 326.458
2; Stdev: 4.72731; 0.145247; 0.139233; 0.447736; 16.1563; 88.0294; 59.8085
3; 1; 75; 0.252833; -0.0692125; 0.751968; 48.464; -136.357; 12.1789
3; 2; 78; 0.264716; -0.0664177; 0.881407; 48.5229; -164.211; 11.409
3; 3; 71; 0.257216; -0.0669252; 0.900901; 51.3697; -169.142; 10.8529
3; 4; 85; 0.268216; -0.0706686; 0.853489; 46.5834; -162.162; 12.1019
3; 5; 77; 0.266695; -0.0620874; 0.87298; 46.8018; -162.085; 12.3786
3; 6; 79; 0; 0; 0; 0; -0; 0
3; 7; 86; 0.267965; -0.0645564; 0.875853; 49.2724; -164.469; 12.0721
3; 8; 89; 0; 0; 0; 0; -0; 0
3; 9; 79; 0.280491; -0.0602882; 0.824014; 50.2265; -157.306; 12.7672
3; 10; 72; 0; 0; 0; 0; -0; 0
3; 11; 79; 0.272438; -0.0592471; 0.853047; 47.8088; -160.671; 12.9562
3; 12; 79; 0; 0; 0; 0; -0; 0
3; 13; 89; 0; 0; 0; 0; -0; 0
3; 14; 91; 0; 0; 0; 0; -0; 0
3; 15; 78; 0.268823; -0.0384358; 0.958475; 53.8565; -160.907; 11.3733
3; 16; 76; 0; 0; 0; 0; -0; 0
3; 17; 90; 0; 0; 0; 0; -0; 0
3; 18; 68; 0.269151; -0.0703421; 0.844405; 48.7338; -161.711; 11.4917
3; 19; 73; 0; 0; 0; 0; -0; 0
3; 20; 68; 0; 0; 0; 0; -0; 0
3; Median: 79; 0.252833; 0; 0.751968; 10.8529; -0; 46.5834
3; Mean: 79.1; 0.133427; -0.031409; 0.430827; 5.97909; -79.9511; 24.582
3; Range: 23; 0.280491; 0.0706686; 0.958475; 12.9562; 169.142; 53.8565
3; Stdev: 6.97065; 0.133525; 0.0320443; 0.432305; 5.99576; 80.1699; 24.6259
4; 1; 92; 0.309272; -0.14943; 0.980774; 49.1942; -159.954; 12.1354
4; 2; 86; 0.307125; -0.153382; 0.974165; 47.9343; -162.626; 12.2306
4; 3; 91; 0.306659; -0.150025; 0.997569; 48.8782; -161.415; 11.9793
4; 4; 90; 0.303366; -0.157578; 0.99294; 49.761; -161.752; 10.4966
4; 5; 87; 0.303629; -0.160187; 0.983724; 47.0996; -162.809; 11.3809
4; 6; 88; 0.300028; -0.16192; 0.933529; 48.572; -155.043; 10.6014
4; 7; 85; 0.303738; -0.157282; 0.96844; 48.3863; -161.068; 11.3296
4; 8; 89; 0.305354; -0.156387; 0.975301; 48.8328; -161.286; 11.1823
4; 9; 83; 0.303933; -0.156113; 0.987744; 48.2289; -163.352; 11.6092
4; 10; 90; 0.30575; -0.156327; 0.956941; 47.7387; -160.834; 11.9426
4; 11; 83; 0.307637; -0.148759; 1.00639; 49.2401; -161.509; 11.8728
4; 12; 83; 0.338329; -0.126013; 0.767509; 38.6531; -158.697; 21.6541
4; 13; 79; 0.307852; -0.149779; 0.970161; 50.8348; -154.846; 11.438
4; 14; 84; 0.312647; -0.148802; 0.95513; 48.4274; -158.536; 12.6555
4; 15; 83; 0.303301; -0.153537; 1.01221; 49.9953; -162.778; 10.758
4; 16; 91; 0.304376; -0.15588; 0.981294; 48.3098; -162.173; 11.5525
4; 17; 99; 0.300726; -0.157651; 0.997005; 47.0274; -167.361; 11.9155
4; 18; 96; 0.305037; -0.154393; 0.978009; 47.7438; -164.294; 12.2712
4; 19; 86; 0.304532; -0.155165; 0.989207; 48.6797; -162.565; 11.6979
4; 20; 86; 0.305699; -0.153668; 0.985657; 48.8758; -162.028; 11.587
4; Median: 87; 0.305354; -0.154393; 0.981294; 11.6979; -161.509; 48.572
4; Mean: 87.55; 0.306949; -0.153114; 0.969685; 12.1145; -161.246; 48.1207
4; Range: 20; 0.0383013; 0.0359073; 0.244699; 11.1575; 12.5152; 12.1817
4; Stdev: 4.70611; 0.00770997; 0.00719658; 0.0496573; 2.25535; 2.79759; 2.35108
5; 1; 83; 0.318772; -0.208266; 1.03606; 48.1394; -162.327; 11.6306
5; 2; 83; 0.315905; -0.21134; 1.0348; 47.1455; -162.186; 11.4942
5; 3; 88; 0.317654; -0.205539; 1.07169; 49.4103; -162.8; 11.4263
5; 4; 91; 0.31636; -0.210854; 1.03312; 48.115; -161.091; 11.0942
5; 5; 93; 0.319706; -0.205358; 1.05646; 49.4724; -161.584; 11.4706
5; 6; 90; 0.332496; -0.192403; 1.00756; 47.3669; -158.896; 14.6548
5; 7; 83; 0.317417; -0.208361; 1.05185; 48.6328; -163.043; 11.3826
5; 8; 81; 0.313733; -0.2158; 1.0158; 47.4081; -161.534; 10.4365
5; 9; 87; 0.319868; -0.205946; 1.04433; 49.8354; -158.933; 11.2513
5; 10; 94; 0.315154; -0.209259; 1.07975; 48.895; -164.733; 10.8397
5; 11; 82; 0.315768; -0.209852; 1.05816; 48.3108; -163.861; 11.1916
5; 12; 90; 0.317103; -0.208986; 1.05814; 48.9698; -162.027; 10.9881
5; 13; 91; 0.315958; -0.209986; 1.05398; 48.3459; -163.22; 11.207
5; 14; 86; 0.319228; -0.207739; 1.0338; 48.2052; -160.212; 11.5902
5; 15; 82; 0.31341; -0.217; 1.01371; 46.2796; -162.206; 10.7704
5; 16; 91; 0.316763; -0.208523; 1.03026; 47.7933; -160.266; 11.575
5; 17; 81; 0.313503; -0.213381; 1.05708; 48.4305; -163.278; 10.4816
5; 18; 84; 0.317894; -0.208586; 1.04366; 48.1036; -162.369; 11.556
5; 19; 85; 0.316532; -0.210176; 1.03991; 48.8492; -159.91; 10.7237
5; 20; 88; 0.312178; -0.215199; 1.05117; 48.5569; -163.345; 10.1931
5; Median: 87; 0.316763; -0.208986; 1.04433; 11.2513; -162.186; 48.3459
5; Mean: 86.65; 0.31727; -0.209128; 1.04356; 11.2979; -161.891; 48.3133
5; Range: 13; 0.0203181; 0.0245971; 0.0721951; 4.46177; 5.83725; 3.55583
5; Stdev: 4.08993; 0.00406623; 0.00496273; 0.0181625; 0.874835; 1.55729; 0.827857
6; 1; 136; 0.282306; -0.245365; 1.11409; 48.9409; -163.92; 11.8749
6; 2; 132; 0.281061; -0.247828; 1.09771; 48.1866; -161.671; 11.6864
6; 3; 128; 0.28107; -0.248827; 1.10183; 48.2154; -162.299; 11.5635
6; 4; 134; 0.280498; -0.248806; 1.10401; 48.1351; -162.848; 11.6391
6; 5; 130; 0.275436; -0.255735; 1.09891; 47.2477; -163.995; 10.6115
6; 6; 130; 0.280635; -0.249121; 1.10555; 48.2184; -162.64; 11.5511
6; 7; 127; 0.280795; -0.248383; 1.10421; 48.3711; -162.63; 11.6121
6; 8; 141; 0.281357; -0.247871; 1.10235; 48.1154; -162.587; 11.7723
6; 9; 121; 0.282237; -0.244891; 1.13249; 50.0467; -162.18; 11.4739
6; 10; 124; 0.280069; -0.249956; 1.10351; 47.9489; -162.7; 11.5232
6; 11; 125; 0.278412; -0.247142; 1.10683; 49.101; -165.509; 11.3309
6; 12; 134; 0.280829; -0.248885; 1.10371; 48.5301; -162.426; 11.4597
6; 13; 129; 0.280715; -0.248815; 1.10443; 48.2616; -162.628; 11.5961
6; 14; 127; 0.275037; -0.25184; 1.12896; 48.9754; -164.343; 10.784
6; 15; 135; 0.283872; -0.244003; 1.09656; 48.4968; -161.705; 12.3583
6; 16; 133; 0.280399; -0.249324; 1.09726; 48.2322; -161.835; 11.3454
6; 17; 128; 0.280048; -0.250517; 1.10151; 48.2403; -161.973; 11.0926
6; 18; 137; 0.280992; -0.248953; 1.10042; 48.3305; -162.173; 11.5128
6; 19; 133; 0.280622; -0.248162; 1.10401; 48.2954; -163.124; 11.6311
6; 20; 125; 0.282921; -0.246539; 1.104; 48.6854; -161.565; 11.7683
6; Median: 130; 0.280795; -0.248806; 1.104; 11.5635; -162.587; 48.2954
6; Mean: 130.45; 0.280466; -0.248548; 1.10562; 11.5094; -162.738; 48.4287
6; Range: 20; 0.00883521; 0.0117325; 0.0359265; 1.74687; 3.94408; 2.79902
6; Stdev: 4.87314; 0.00206922; 0.00246069; 0.00918619; 0.363663; 0.983702; 0.538631
7; 1; 107; 0.269969; -0.317073; 1.18721; 47.0046; -161.433; 11.8638
7; 2; 106; 0.2663; -0.320723; 1.20868; 49.2731; -162.836; 10.2318
7; 3; 106; 0.268855; -0.316546; 1.19633; 48.6437; -163.879; 11.3313
7; 4; 111; 0.272136; -0.315408; 1.20088; 48.7847; -162.612; 11.6744
7; 5; 92; 0.269485; -0.317513; 1.19956; 48.2104; -163.845; 11.4749
7; 6; 118; 0.269989; -0.318191; 1.18528; 48.357; -161.798; 11.1672
7; 7; 113; 0.278991; -0.307646; 1.17932; 47.7172; -161.746; 13.4228
7; 8; 106; 0.278863; -0.317293; 1.20111; 48.1607; -159.346; 11.9364
7; 9; 116; 0.26691; -0.31399; 1.18508; 48.0584; -164.002; 11.31
7; 10; 104; 0.27454; -0.314428; 1.18438; 47.2811; -157.743; 12.5064
7; 11; 115; 0.268273; -0.309534; 1.16855; 48.5045; -161.686; 11.8232
7; 12; 119; 0.27198; -0.314979; 1.19648; 48.5811; -162.38; 11.775
7; 13; 108; 0.269706; -0.316284; 1.21509; 49.7782; -162.679; 11.0715
7; 14; 121; 0.270603; -0.31591; 1.19896; 48.4227; -163.586; 11.7884
7; 15; 115; 0.268554; -0.316388; 1.19192; 48.3174; -163.831; 11.4938
7; 16; 113; 0.272518; -0.315672; 1.17581; 47.5805; -162.417; 11.8871
7; 17; 113; 0.272122; -0.314979; 1.18504; 47.7014; -162.078; 12.0775
7; 18; 109; 0.269897; -0.316358; 1.19589; 48.387; -163.246; 11.5473
7; 19; 114; 0.272673; -0.313583; 1.18722; 48.7157; -160.734; 11.9128
7; 20; 117; 0.269446; -0.318427; 1.1988; 48.2755; -163.275; 11.249
7; Median: 113; 0.269989; -0.31591; 1.19589; 11.775; -162.417; 48.357
7; Mean: 111.15; 0.27109; -0.315546; 1.19208; 11.6772; -162.258; 48.2877
7; Range: 29; 0.0126914; 0.0130767; 0.046538; 3.19097; 6.25962; 2.77361
7; Stdev: 6.48286; 0.00326608; 0.00283849; 0.0109477; 0.60766; 1.54627; 0.62531
8; 1; 57; 0.298545; -0.39385; 1.30515; 49.6031; -165.216; 10.6746
8; 2; 70; 0.293315; -0.394293; 1.34265; 49.5303; -169.929; 11.3102
8; 3; 55; 0.302224; -0.391343; 1.2873; 48.1148; -163.327; 11.6472
8; 4; 65; 0.305726; -0.386554; 1.28538; 48.546; -162.556; 12.726
8; 5; 59; 0.299342; -0.396055; 1.30805; 48.4544; -164.245; 11.1619
8; 6; 75; 0.296886; -0.393469; 1.31215; 49.387; -167.116; 10.7995
8; 7; 58; 0.299102; -0.39486; 1.309; 47.6406; -164.685; 11.8724
8; 8; 65; 0.298191; -0.39432; 1.29497; 49.5439; -163.202; 10.5544
8; 9; 65; 0.299078; -0.395967; 1.28859; 48.2319; -162.387; 10.8118
8; 10; 66; 0.313513; -0.381073; 1.27261; 48.5478; -159.574; 13.3197
8; 11; 62; 0.291899; -0.399166; 1.2851; 48.4808; -164.67; 9.71414
8; 12; 66; 0.300569; -0.391606; 1.28648; 47.9176; -163.289; 11.3594
8; 13; 54; 0.30084; -0.389919; 1.28063; 47.9245; -162.921; 11.2353
8; 14; 68; 0.300973; -0.39444; 1.31216; 47.9049; -166.592; 11.7259
8; 15; 79; 0.303965; -0.389977; 1.2916; 48.2591; -162.664; 11.9441
8; 16; 68; 0.302061; -0.392945; 1.27505; 43.981; -163.345; 12.8839
8; 17; 62; 0.306743; -0.388046; 1.28919; 47.4515; -162.974; 13.0633
8; 18; 67; 0.300208; -0.393332; 1.29379; 47.7078; -163.803; 11.5698
8; 19; 65; 0.30112; -0.390859; 1.28731; 47.914; -163.683; 11.5728
8; 20; 56; 0.31685; -0.372467; 1.22208; 43.6349; -161.253; 16.2761
8; Median: 65; 0.30084; -0.392945; 1.28919; 11.5728; -163.327; 48.2319
8; Mean: 64.1; 0.301558; -0.391227; 1.29146; 11.8111; -163.872; 47.9388
8; Range: 25; 0.0249504; 0.0266989; 0.120567; 6.56193; 10.3547; 5.96818
8; Stdev: 6.31585; 0.00570937; 0.00574949; 0.0223274; 1.34974; 2.14118; 1.51765
9; 1; 34; 0.279951; -0.436414; 1.20472; 42.6701; -144.541; 15.8392
9; 2; 40; 0.268708; -0.466158; 1.25901; 41.1162; -162.883; 10.3665
9; 3; 42; 0.27817; -0.459384; 1.34801; 46.2571; -160.331; 11.0877
9; 4; 39; 0.280342; -0.44229; 1.36298; 51.341; -165.141; 11.8586
9; 5; 38; 0.278461; -0.444759; 1.25343; 45.0716; -144.875; 14.2883
9; 6; 34; 0.287595; -0.447959; 1.3576; 45.4047; -159.785; 14.3062
9; 7; 48; 0.273898; -0.46493; 1.38937; 47.4057; -162.618; 10.408
9; 8; 39; 0.283807; -0.433947; 1.31028; 46.5124; -158.624; 13.8833
9; 9; 41; 0.281165; -0.451399; 1.35783; 47.175; -163.366; 11.8379
9; 10; 34; 0.281515; -0.453198; 1.35511; 45.2874; -163.088; 12.2947
9; 11; 40; 0.281763; -0.44526; 1.36592; 51.0604; -164.446; 11.343
9; 12; 32; 0.281207; -0.43734; 1.27987; 46.3021; -147.197; 15.3844
9; 13; 42; -0.0400416; -0.177375; 1.66067; 119.841; 144.733; 9.44691
9; 14; 39; 0.280087; -0.455516; 1.35853; 48.8407; -161.872; 10.8609
9; 15; 40; 0.282969; -0.441364; 1.323; 44.7054; -146.13; 17.2465
9; 16; 29; 0.296508; -0.435899; 1.36117; 42.3053; -166.443; 15.6241
9; 17; 39; 0.280189; -0.420846; 1.27385; -85.2796; 164.986; 1.09696
9; 18; 38; 0.281116; -0.448553; 1.36994; 51.0471; -164.291; 11.019
9; 19; 38; 0.273873; -0.461677; 1.33634; 47.1057; -159.707; 10.1595
9; 20; 47; 0.278489; -0.442692; 1.32151; 52.2883; -160.283; 9.70984
9; Median: 39; 0.280342; -0.444759; 1.35511; 11.8379; -160.283; 46.5124
9; Mean: 38.65; 0.264489; -0.433348; 1.34246; 11.9031; -127.295; 43.8229
9; Range: 19; 0.33655; 0.288783; 0.455947; 16.1495; 331.429; 205.121
9; Stdev: 4.44157; 0.0700671; 0.0597598; 0.0868409; 3.34405; 94.3551; 33.7463
10; 1; 36; 0.298335; -0.50454; 1.42911; 49.5992; -161.589; 11.8456
10; 2; 33; 0.297591; -0.499453; 1.38782; 44.0591; -159.695; 14.0781
10; 3; 31; 0.294082; -0.502279; 1.41615; 47.9565; -163.295; 12.1151
10; 4; 36; 0.300152; -0.505066; 1.41249; 45.8332; -162.783; 13.6363
10; 5; 33; 0.209226; -0.563656; 1.85088; 59.8062; 171.564; 5.20814
10; 6; 37; 0.300673; -0.50421; 1.43544; 50.3907; -159.696; 11.9493
10; 7; 42; 0.297067; -0.509891; 1.43462; 46.5253; -163.428; 12.9153
10; 8; 38; 0.293856; -0.502212; 1.41584; 48.1315; -163.276; 12.088
10; 9; 30; 0.30647; -0.548066; 1.51962; 45.264; -162.061; 9.11685
10; 10; 35; 0.292165; -0.514368; 1.43631; 49.4475; -161.306; 11.1635
10; 11; 38; 0.286049; -0.514759; 1.43344; 52.7412; -165.667; 8.38205
10; 12; 36; 0.296144; -0.502534; 1.41887; 48.6655; -161.638; 12.2524
10; 13; 37; 0.2922; -0.504544; 1.3963; 45.8376; -164.24; 12.0638
10; 14; 35; 0.297437; -0.502697; 1.45391; 48.1676; -171.334; 14.1362
10; 15; 29; 0.297711; -0.505666; 1.43277; 49.0873; -161.936; 12.3712
10; 16; 32; 0.296253; -0.507373; 1.42317; 45.9476; -163.082; 13.0073
10; 17; 40; 0.293037; -0.507296; 1.43553; 51.005; -163.797; 10.4456
10; 18; 37; 0.284958; -0.530156; 1.51581; 47.5459; -168.438; 11.3785
10; 19; 38; 0.289834; -0.508171; 1.41713; 46.7052; -165.821; 11.3855
10; 20; 44; 0.298871; -0.503199; 1.42823; 48.2538; -162.544; 13.0256
10; Median: 36; 0.296253; -0.505066; 1.43277; 12.088; -162.783; 48.1676
10; Mean: 35.85; 0.291106; -0.512007; 1.45467; 11.6282; -146.703; 48.5485
10; Range: 15; 0.0972441; 0.0642022; 0.463066; 8.9281; 342.897; 15.7471
10; Stdev: 3.71853; 0.0193996; 0.0161803; 0.0961848; 2.04161; 73.0645; 3.2988
11; 1; 32; -0.0736932; -0.28106; 1.60968; 118.581; 135.351; 20.2156
11; 2; 25; 0.345552; -0.514464; 1.37506; 43.221; -158.994; 21.0448
11; 3; 32; 0; 0; 0; 0; -0; 0
11; 4; 24; 0.00709198; -0.326797; 1.7658; 112.898; 146.18; 6.99582
11; 5; 25; 0.0298167; -0.359781; 1.85495; 110.463; 149.51; 5.29846
11; 6; 35; 0.0667672; -0.294196; 1.92991; 121.375; 156.398; 10.7111
11; 7; 36; 0.317309; -0.572744; 1.50094; 43.9567; -165.012; 14.665
11; 8; 33; 0.317465; -0.569067; 1.52482; 50.3882; -162.451; 12.4454
11; 9; 29; 0; 0; 0; 0; -0; 0
11; 10; 27; 0.306447; -0.581688; 1.4994; 40.9188; -167.838; 13.837
11; 11; 28; 0.319561; -0.53178; 1.26342; 46.5931; -151.963; 15.1671
11; 12; 25; 0.313844; -0.581637; 1.5704; 48.2305; -167.367; 12.7963
11; 13; 29; 0.11177; -0.261985; 1.87047; 125.169; 162.503; 7.66488
11; 14; 29; 0.309477; -0.582024; 1.52175; 48.0875; -161.971; 11.5643
11; 15; 26; 0.226176; -0.553134; 1.77691; 74.083; 171.973; 6.37718
11; 16; 28; 0.0230233; -0.205437; 1.82418; 131.677; 153.042; 20.9728
11; 17; 28; 0.304391; -0.58788; 1.56687; 41.4358; -179.733; 12.7315
11; 18; 25; 0.312952; -0.582172; 1.54529; 42.741; -170.999; 13.9259
11; 19; 31; 0.322044; -0.572635; 1.53149; 43.8399; -163.787; 15.6796
11; 20; 32; 0.313355; -0.560677; 1.49508; 51.4266; -160.893; 11.5209
11; Median: 29; 0.306447; -0.53178; 1.54529; 12.7315; -151.963; 48.2305
11; Mean: 28.95; 0.193667; -0.425958; 1.45132; 11.6807; -36.8025; 64.7543
11; Range: 12; 0.419245; 0.58788; 1.92991; 21.0448; 351.707; 131.677
11; Stdev: 3.44202; 0.14638; 0.191223; 0.512361; 5.81955; 147.899; 39.5645
12; 1; 23; 0.104741; 0.290965; 0.245099; 133.871; -104.15; 64.3944
12; 2; 20; 0.315258; -0.66145; 1.60754; 50.5141; -158.12; 11.3177
12; 3; 26; 0.344912; -0.5818; 1.39146; 37.6471; -163.048; 21.6533
12; 4; 17; -0.0390658; -0.427518; 1.80756; 107.847; 140.386; 1.59388
12; 5; 23; 0.322741; -0.642878; 1.53802; 41.9435; -165.004; 15.3031
12; 6; 16; 0.114062; -0.130303; 1.93164; 165.014; 168.663; 15.0156
12; 7; 20; 0.0238755; -0.437081; 1.9901; 113.31; 149.204; 6.84596
12; 8; 20; 0.332969; -0.620036; 1.50398; 48.4036; -156.207; 15.4751
12; 9; 22; 0.321684; -0.617909; 1.46101; 34.663; -162.054; 17.2703
12; 10; 23; 0; 0; 0; 0; -0; 0
12; 11; 20; 0.416984; -0.382264; 1.33358; 71.8805; -141.941; 29.8762
12; 12; 16; 0.0112059; -0.438257; 1.7691; 103.465; 144.355; 7.38075
12; 13; 30; 0.336465; -0.617391; 1.5574; 53.0631; -158.885; 15.0561
12; 14; 19; 0; 0; 0; 0; -0; 0
12; 15; 32; 0.057973; -0.454516; 2.06051; 112.686; 154.628; 1.69326
12; 16; 19; 0; 0; 0; 0; -0; 0
12; 17; 21; 0; 0; 0; 0; -0; 0
12; 18; 12; 0; 0; 0; 0; -0; 0
12; 19; 18; -0.0321096; -0.244107; 1.48999; 124.653; 140.959; 5.88242
12; 20; 25; 0.333122; -0.583948; 1.63978; 72.0573; -157.602; 7.74167
12; Median: 20; 0.104741; -0.427518; 1.50398; 7.74167; -0; 53.0631
12; Mean: 21.1; 0.148241; -0.327425; 1.16634; 11.825; -23.4407; 63.5509
12; Range: 20; 0.45605; 0.952416; 2.06051; 64.3944; 333.667; 165.014
12; Stdev: 4.60326; 0.162173; 0.284025; 0.761013; 14.603; 129.344; 50.1178
13; 1; 15; 0; 0; 0; 0; -0; 0
13; 2; 24; 0.332496; -0.633328; 1.5461; 48.6871; -153.977; 18.5558
13; 3; 23; -0.54686; -1.61588; 5.35062; 125.279; -54.7692; 69.1402
13; 4; 25; 0.276872; -0.733637; 1.92883; 69.9147; -161.056; 1.35291
13; 5; 30; 0.341914; -0.498493; 1.06213; 36.5629; -145.835; 29.2513
13; 6; 15; 0.0788513; -0.494862; 1.99791; 107.039; 157.642; 2.35245
13; 7; 22; 0.0565439; -0.70904; 1.9463; -113.435; 33.7259; 178.838
13; 8; 22; 0.398858; -0.0756322; 0.855553; -20.9362; 140.964; 45.3619
13; 9; 26; 0.0606756; -0.668039; 2.00294; 77.6327; 149.952; 0.234789
13; 10; 18; 0.27485; -0.73958; 1.6919; 46.4363; -164.219; 6.75392
13; 11; 20; -0.481164; -0.530272; 1.66714; 166.309; 51.9335; 48.3232
13; 12; 22; 0.0233274; -0.657801; 2.17778; -91.3812; 31.3337; 179.561
13; 13; 27; -1.87845; -5.29242; 16.3527; 45.907; 25.426; 13.6974
13; 14; 24; 0.302817; -0.696689; 1.64782; 45.4768; -159.98; 12.9354
13; 15; 20; 0; 0; 0; 0; -0; 0
13; 16; 26; 0.276984; -0.726573; 1.74379; 49.1369; -169.836; 8.40557
13; 17; 23; 0.291705; -0.710096; 1.64375; 44.7971; -161.01; 10.8585
13; 18; 26; 0.289705; -0.729175; 1.75041; 45.4107; -165.828; 11.5652
13; 19; 26; 0.0657434; -0.528929; 2.01488; 102.295; 155.262; 1.63099
13; 20; 20; 0.0419744; -0.160577; 1.53006; 137.585; 155.822; 19.4016
13; Median: 23; 0.0788513; -0.657801; 1.74379; 12.9354; -0; 46.4363
13; Mean: 22.7; 0.0103423; -0.810052; 2.44553; 32.911; -21.7225; 46.1359
13; Range: 15; 2.27731; 5.29242; 16.3527; 179.561; 327.478; 279.745
13; Stdev: 3.79605; 0.49764; 1.08398; 3.35036; 51.9832; 126.563; 67.353
14; 1; 14; 0.185206; -0.87317; 1.91518; -126.884; -4.28626; 173.941
14; 2; 29; 0.3007; -0.741667; 1.70747; 51.6669; -158.872; 12.0925
14; 3; 12; 0.314828; -0.67328; 1.44577; 39.7416; -153.075; 20.0161
14; 4; 19; 0; 0; 0; 0; -0; 0
14; 5; 26; 0.198152; -0.773914; 2.07731; -104.689; 2.19485; 179.975
14; 6; 19; -0.0954752; -0.743067; 2.04794; -106.305; 44.0354; 164.535
14; 7; 18; 0.230967; -0.87395; 1.99662; 42.8651; 179.662; 4.60824
14; 8; 23; -0.425844; -1.30466; 3.67624; -82.2464; -175.476; 176.606
14; 9; 14; 0.298227; -0.726555; 1.57126; 40.1133; -156.558; 15.8148
14; 10; 18; 0.188795; -0.847705; 2.09723; -114.963; -1.00636; 176.471
14; 11; 21; -0.29905; -0.119187; 1.83925; -126.833; 104.783; 65.0144
14; 12; 15; 0.289931; -0.776769; 1.90251; 55.1979; -167.478; 11.6029
14; 13; 15; 0.314622; -0.725818; 1.68907; 49.0819; -157.293; 16.0749
14; 14; 17; 0.0396716; -0.639864; 1.07907; -162.977; 62.4038; 159.511
14; 15; 16; 0.312447; -0.721886; 1.68695; 50.6739; -157.942; 15.2467
14; 16; 19; -0.402699; -1.06582; 3.40863; -58.9977; -177.004; 169.405
14; 17; 16; 0.131535; -0.380089; 2.15757; 141.806; 168.018; 2.56434
14; 18; 23; 0.390987; -0.367689; 1.34665; 70.0619; -139.566; 41.6185
14; 19; 14; 0.121769; -0.445832; 0.468031; 36.6759; 57.1062; 42.4224
14; 20; 13; 0; 0; 0; 0; -0; 0
14; Median: 18; 0.188795; -0.725818; 1.83925; 41.6185; -1.00636; 36.6759
14; Mean: 18.05; 0.104738; -0.640046; 1.70564; 72.376; -41.5176; -15.3006
14; Range: 17; 0.816831; 1.30466; 3.67624; 179.975; 356.665; 304.783
14; Stdev: 4.37579; 0.237795; 0.325995; 0.881456; 74.3757; 118.036; 84.2228
15; 1; 14; 0; 0; 0; 0; -0; 0
15; 2; 15; -0.765603; -2.34311; 6.70416; -75.3447; -175.53; 173.848
15; 3; 11; 0; 0; 0; 0; -0; 0
15; 4; 13; 0; 0; 0; 0; -0; 0
15; 5; 17; 0; 0; 0; 0; -0; 0
15; 6; 12; 0; 0; 0; 0; -0; 0
15; 7; 19; 0.298402; -0.767202; 1.78006; 67.4766; -155.149; 6.02041
15; 8; 8; 0; 0; 0; 0; -0; 0
15; 9; 15; 0.300515; -0.803621; 1.76663; 37.4698; -168.699; 17.727
15; 10; 11; 0; 0; 0; 0; -0; 0
15; 11; 7; 0; 0; 0; 0; -0; 0
15; 12; 11; 0; 0; 0; 0; -0; 0
15; 13; 16; 0.276078; -0.830823; 1.91286; 58.1062; -165.313; 7.76587
15; 14; 12; 0; 0; 0; 0; -0; 0
15; 15; 14; 0; 0; 0; 0; -0; 0
15; 16; 13; 0.287397; -0.804771; 1.75426; 46.7752; -165.164; 13.1363
15; 17; 11; 0.292141; -0.810688; 1.74842; 41.4836; -165.532; 15.0076
15; 18; 16; 0.116282; -0.51631; 2.20112; 126.969; 166.962; 4.07592
15; 19; 15; 0; 0; 0; 0; -0; 0
15; 20; 12; 0; 0; 0; 0; -0; 0
15; Median: 13; 0; 0; 0; 0; -0; 0
15; Mean: 13.1; 0.0402606; -0.343826; 0.893375; 11.8791; -41.4212; 15.1468
15; Range: 12; 1.06612; 2.34311; 6.70416; 173.848; 342.492; 202.314
15; Stdev: 2.86182; 0.222572; 0.575411; 1.57974; 37.5673; 89.138; 39.0203
16; 1; 7; 0; 0; 0; 0; -0; 0
16; 2; 8; 0; 0; 0; 0; -0; 0
16; 3; 9; 0; 0; 0; 0; -0; 0
16; 4; 8; 0; 0; 0; 0; -0; 0
16; 5; 9; -0.0864462; -0.288611; 0.74675; 171.938; -0.354342; 80.6023
16; 6; 2; 0; 0; 0; 0; -0; 0
16; 7; 9; 0; 0; 0; 0; -0; 0
16; 8; 9; 0.168285; -1.02032; 2.08671; -142.22; 13.0624; 179.114
16; 9; 10; -0.0438725; -0.474127; 1.82287; 147.117; 116.581; 77.9559
16; 10; 5; 0.23021; -0.613944; 0.9259; 141.17; 64.8687; 144.39
16; 11; 8; 0; 0; 0; 0; -0; 0
16; 12; 7; 0.200617; -0.0213128; 0.925418; 117.16; -107.933; 58.7264
16; 13; 8; 0; 0; 0; 0; -0; 0
16; 14; 10; 0.22972; -0.992308; 1.9636; 8.14262; 170.026; 4.31363
16; 15; 7; 0; 0; 0; 0; -0; 0
16; 16; 5; 0; 0; 0; 0; -0; 0
16; 17; 7; 0.326598; -0.809767; 1.95809; 73.1669; -152.871; 12.9048
16; 18; 8; 0; 0; 0; 0; -0; 0
16; 19; 4; 0; 0; 0; 0; -0; 0
16; 20; 3; 0; 0; 0; 0; -0; 0
16; Median: 8; 0; 0; 0; 0; -0; 0
16; Mean: 7.15; 0.0512556; -0.211019; 0.521467; 27.9004; 5.16891; 25.8237
16; Range: 8; 0.413044; 1.02032; 2.08671; 179.114; 322.897; 314.158
16; Stdev: 2.19716; 0.109054; 0.351876; 0.78102; 51.754; 63.7822; 69.7031
17; 1; 10; 0; 0; 0; 0; -0; 0
17; 2; 10; 0; 0; 0; 0; -0; 0
17; 3; 11; 0; 0; 0; 0; -0; 0
17; 4; 11; 0; 0; 0; 0; -0; 0
17; 5; 12; 0; 0; 0; 0; -0; 0
17; 6; 15; 0; 0; 0; 0; -0; 0
17; 7; 9; 0; 0; 0; 0; -0; 0
17; 8; 12; 0; 0; 0; 0; -0; 0
17; 9; 11; 0; 0; 0; 0; -0; 0
17; 10; 8; 0; 0; 0; 0; -0; 0
17; 11; 13; 0; 0; 0; 0; -0; 0
17; 12; 10; 0.148447; 0.146695; 0.312821; 112.338; -142.722; 2.93392
17; 13; 12; 0; 0; 0; 0; -0; 0
17; 14; 13; 0; 0; 0; 0; -0; 0
17; 15; 8; -0.0495803; 0.136143; 0.495516; -111.822; 46.3681; 0.751279
17; 16; 12; 0; 0; 0; 0; -0; 0
17; 17; 10; 0; 0; 0; 0; -0; 0
17; 18; 12; 0; 0; 0; 0; -0; 0
17; 19; 16; 0; 0; 0; 0; -0; 0
17; 20; 12; 0; 0; 0; 0; -0; 0
17; Median: 12; 0; 0; 0; 0; -0; 0
17; Mean: 11.35; 0.00494331; 0.0141419; 0.0404168; 0.18426; -4.81769; 0.0257942
17; Range: 8; 0.198027; 0.146695; 0.495516; 2.93392; 189.09; 224.16
17; Stdev: 1.98179; 0.0346452; 0.0424586; 0.124644; 0.651662; 33.2079; 35.443
18; 1; 6; 0; 0; 0; 0; -0; 0
18; 2; 4; 0; 0; 0; 0; -0; 0
18; 3; 2; 0; 0; 0; 0; -0; 0
18; 4; 5; 0; 0; 0; 0; -0; 0
18; 5; 9; 0; 0; 0; 0; -0; 0
18; 6; 9; 0; 0; 0; 0; -0; 0
18; 7; 6; 0; 0; 0; 0; -0; 0
18; 8; 5; 0; 0; 0; 0; -0; 0
18; 9; 6; 0; 0; 0; 0; -0; 0
18; 10; 6; 0; 0; 0; 0; -0; 0
18; 11; 7; 0; 0; 0; 0; -0; 0
18; 12; 9; 0; 0; 0; 0; -0; 0
18; 13; 4; 0; 0; 0; 0; -0; 0
18; 14; 5; 0; 0; 0; 0; -0; 0
18; 15; 10; 0; 0; 0; 0; -0; 0
18; 16; 6; 0; 0; 0; 0; -0; 0
18; 17; 2; 0; 0; 0; 0; -0; 0
18; 18; 9; 0; 0; 0; 0; -0; 0
18; 19; 3; 0; 0; 0; 0; -0; 0
18; 20; 3; 0; 0; 0; 0; -0; 0
18; Median: 6; 0; 0; 0; 0; -0; 0
18; Mean: 5.8; 0; 0; 0; 0; 0; 0
18; Range: 8; 0; 0; 0; 0; 0; 0
18; Stdev: 2.37908; 0; 0; 0; 0; 0; 0
19; 1; 5; 0; 0; 0; 0; -0; 0
19; 2; 4; 0; 0; 0; 0; -0; 0
19; 3; 7; 0; 0; 0; 0; -0; 0
19; 4; 8; 0; 0; 0; 0; -0; 0
19; 5; 7; 0; 0; 0; 0; -0; 0
19; 6; 4; 0; 0; 0; 0; -0; 0
19; 7; 6; 0; 0; 0; 0; -0; 0
19; 8; 7; 0; 0; 0; 0; -0; 0
19; 9; 7; 0.0389883; 0.0499936; 0.224288; -68.0736; -115.468; 1.8873
19; 10; 4; 0; 0; 0; 0; -0; 0
19; 11; 7; 0; 0; 0; 0; -0; 0
19; 12; 4; 0; 0; 0; 0; -0; 0
19; 13; 9; 0; 0; 0; 0; -0; 0
19; 14; 7; 0; 0; 0; 0; -0; 0
19; 15; 5; 0; 0; 0; 0; -0; 0
19; 16; 8; 0; 0; 0; 0; -0; 0
19; 17; 1; 0; 0; 0; 0; -0; 0
19; 18; 5; 0; 0; 0; 0; -0; 0
19; 19; 5; 0; 0; 0; 0; -0; 0
19; 20; 7; 0; 0; 0; 0; -0; 0
19; Median: 7; 0; 0; 0; 0; -0; 0
19; Mean: 5.85; 0.00194941; 0.00249968; 0.0112144; 0.0943648; -5.77341; -3.40368
19; Range: 8; 0.0389883; 0.0499936; 0.224288; 1.8873; 115.468; 68.0736
19; Stdev: 1.85135; 0.00849729; 0.0108958; 0.0488824; 0.411327; 25.1657; 14.8363
20; 1; 3; 0; 0; 0; 0; -0; 0
20; 2; 4; 0; 0; 0; 0; -0; 0
20; 3; 4; 0; 0; 0; 0; -0; 0
20; 4; 5; 0; 0; 0; 0; -0; 0
20; 5; 4; 0; 0; 0; 0; -0; 0
20; 6; 5; 0; 0; 0; 0; -0; 0
20; 7; 3; 0; 0; 0; 0; -0; 0
20; 8; 8; 0; 0; 0; 0; -0; 0
20; 9; 4; 0; 0; 0; 0; -0; 0
20; 10; 5; 0; 0; 0; 0; -0; 0
20; 11; 4; 0; 0; 0; 0; -0; 0
20; 12; 6; 0; 0; 0; 0; -0; 0
20; 13; 6; 0; 0; 0; 0; -0; 0
20; 14; 3; 0; 0; 0; 0; -0; 0
20; 15; 4; 0; 0; 0; 0; -0; 0
20; 16; 9; -0.16654; -0.0777996; 0.772821; -46.2648; 39.019; 35.6504
20; 17; 3; 0; 0; 0; 0; -0; 0
20; 18; 7; 0; 0; 0; 0; -0; 0
20; 19; 6; 0; 0; 0; 0; -0; 0
20; 20; 7; 0; 0; 0; 0; -0; 0
20; Median: 5; 0; 0; 0; 0; -0; 0
20; Mean: 5; -0.00832698; -0.00388998; 0.038641; 1.78252; 1.95095; -2.31324
20; Range: 6; 0.16654; 0.0777996; 0.772821; 35.6504; 39.019; 46.2648
20; Stdev: 1.70294; 0.0362965; 0.016956; 0.168432; 7.76982; 8.504; 10.0832
21; 1; 13; -0.154038; -0.0372928; -0.0070092; 138.318; -86.2173; 143.851
21; 2; 12; 0; 0; 0; 0; -0; 0
21; 3; 5; 0; 0; 0; 0; -0; 0
21; 4; 7; 0; 0; 0; 0; -0; 0
21; 5; 5; 0; 0; 0; 0; -0; 0
21; 6; 4; 0; 0; 0; 0; -0; 0
21; 7; 6; 0; 0; 0; 0; -0; 0
21; 8; 5; 0; 0; 0; 0; -0; 0
21; 9; 8; 0; 0; 0; 0; -0; 0
21; 10; 7; 0; 0; 0; 0; -0; 0
21; 11; 7; 0; 0; 0; 0; -0; 0
21; 12; 10; 0; 0; 0; 0; -0; 0
21; 13; 10; 0; 0; 0; 0; -0; 0
21; 14; 10; 0; 0; 0; 0; -0; 0
21; 15; 7; 0; 0; 0; 0; -0; 0
21; 16; 8; 0; 0; 0; 0; -0; 0
21; 17; 6; 0; 0; 0; 0; -0; 0
21; 18; 7; 0; 0; 0; 0; -0; 0
21; 19; 8; 0; 0; 0; 0; -0; 0
21; 20; 11; 0; 0; 0; 0; -0; 0
21; Median: 7; 0; 0; 0; 0; -0; 0
21; Mean: 7.8; -0.00770189; -0.00186464; -0.00035046; 7.19256; -4.31086; 6.91588
21; Range: 9; 0.154038; 0.0372928; 0.0070092; 143.851; 86.2173; 138.318
21; Stdev: 2.42074; 0.0335717; 0.00812778; 0.00152762; 31.3516; 18.7906; 30.1456
22; 1; 15; 0; 0; 0; 0; -0; 0
22; 2; 12; 0; 0; 0; 0; -0; 0
22; 3; 8; 0; 0; 0; 0; -0; 0
22; 4; 9; 0; 0; 0; 0; -0; 0
22; 5; 9; 0; 0; 0; 0; -0; 0
22; 6; 7; 0; 0; 0; 0; -0; 0
22; 7; 7; 0; 0; 0; 0; -0; 0
22; 8; 10; 0; 0; 0; 0; -0; 0
22; 9; 9; 0; 0; 0; 0; -0; 0
22; 10; 13; 0; 0; 0; 0; -0; 0
22; 11; 8; 0; 0; 0; 0; -0; 0
22; 12; 8; 0; 0; 0; 0; -0; 0
22; 13; 9; 0; 0; 0; 0; -0; 0
22; 14; 7; 0; 0; 0; 0; -0; 0
22; 15; 5; 0; 0; 0; 0; -0; 0
22; 16; 5; 0; 0; 0; 0; -0; 0
22; 17; 5; 0; 0; 0; 0; -0; 0
22; 18; 8; 0; 0; 0; 0; -0; 0
22; 19; 8; 0; 0; 0; 0; -0; 0
22; 20; 11; 0; 0; 0; 0; -0; 0
22; Median: 8; 0; 0; 0; 0; -0; 0
22; Mean: 8.65; 0; 0; 0; 0; 0; 0
22; Range: 10; 0; 0; 0; 0; 0; 0
22; Stdev: 2.53525; 0; 0; 0; 0; 0; 0
23; 1; 10; 0; 0; 0; 0; -0; 0
23; 2; 11; 0; 0; 0; 0; -0; 0
23; 3; 5; 0; 0; 0; 0; -0; 0
23; 4; 9; 0; 0; 0; 0; -0; 0
23; 5; 8; 0; 0; 0; 0; -0; 0
23; 6; 11; 0; 0; 0; 0; -0; 0
23; 7; 7; 0; 0; 0; 0; -0; 0
23; 8; 9; 0; 0; 0; 0; -0; 0
23; 9; 8; 0; 0; 0; 0; -0; 0
23; 10; 10; 0; 0; 0; 0; -0; 0
23; 11; 11; 0; 0; 0; 0; -0; 0
23; 12; 5; 0; 0; 0; 0; -0; 0
23; 13; 9; 0; 0; 0; 0; -0; 0
23; 14; 9; 0; 0; 0; 0; -0; 0
23; 15; 8; 0; 0; 0; 0; -0; 0
23; 16; 5; 0; 0; 0; 0; -0; 0
23; 17; 2; 0; 0; 0; 0; -0; 0
23; 18; 8; 0; 0; 0; 0; -0; 0
23; 19; 10; 0; 0; 0; 0; -0; 0
23; 20; 6; 0; 0; 0; 0; -0; 0
23; Median: 9; 0; 0; 0; 0; -0; 0
23; Mean: 8.05; 0; 0; 0; 0; 0; 0
23; Range: 9; 0; 0; 0; 0; 0; 0
23; Stdev: 2.35531; 0; 0; 0; 0; 0; 0
