Linear Detection Measurement - Goesser_52_141_
Pose p; Framenumber n; number of detected matches; targetpose px[m]; py[m]; pz[m]; rotx[°]; roty[°]; rotz[°]
Pose p; calculate Median
Pose p; calculate Mittelwert
Pose p; calculate Spannweite
Pose p; calculate Stdev
1; 1; 42; 0.277877; 0.0937297; 1.20119; 50.152; -146.971; 15.7772
1; 2; 31; 0.286763; 0.0941651; 1.25952; 38.0988; -161.683; 17.9087
1; 3; 40; 0.199703; 0.0742209; 0.996314; 74.5268; 134.676; 18.3142
1; 4; 39; 0.305682; 0.109691; 1.36092; -61.1917; 168.871; 17.9581
1; 5; 39; 0.016206; 0.0033607; 1.12384; 2.82431; -101.392; 19.9401
1; 6; 47; 0.260971; 0.0228765; 1.11503; 24.6768; -144.63; 8.32733
1; 7; 38; 0.265551; 0.0909981; 1.15455; 52.9784; -147.882; 17.5447
1; 8; 37; 0.291112; 0.0921614; 1.27934; 26.7814; -159.617; 16.982
1; 9; 47; 0.295245; 0.0954074; 1.30564; 32.6476; -162.155; 18.1311
1; 10; 32; 0.30959; 0.0998112; 1.3972; 40.0409; -171.013; 15.7573
1; 11; 33; 0.28194; 0.0954282; 1.2288; 46.6028; -155.023; 17.8226
1; 12; 43; 0.302089; 0.102303; 1.36719; 40.9869; -173.22; 17.9437
1; 13; 31; 0.295169; 0.097312; 1.30897; 35.3848; -163.251; 18.194
1; 14; 40; 0.292273; 0.0995462; 1.28921; -44.9285; -179.638; 17.1
1; 15; 36; 0.302683; 0.101055; 1.33803; -33.2857; 164.805; 19.1081
1; 16; 39; 0.304569; 0.106371; 1.35839; -60.8166; 167.537; 17.4017
1; 17; 40; 0.304672; 0.10172; 1.36353; 41.4526; -168.936; 17.6995
1; 18; 37; 0.304758; 0.0903183; 1.40203; 36.1431; -174.457; 16.1616
1; 19; 41; 0.301387; 0.121024; 1.25462; -22.3137; -179.52; 22.7122
1; 20; 42; 0.303988; 0.102947; 1.35002; -40.8492; 167.272; 18.2772
1; Median: 39; 0.295245; 0.097312; 1.30564; 17.9087; -155.023; 35.3848
1; Mean: 38.7; 0.275111; 0.0897223; 1.27272; 17.4531; -79.3112; 13.9956
1; Range: 16; 0.293384; 0.117663; 0.405717; 14.3849; 348.508; 135.718
1; Stdev: 4.46206; 0.0641538; 0.0271963; 0.105453; 2.55834; 139.651; 40.791
2; 1; 47; 0.304979; 0.0786704; 1.33692; 39.0266; -169.396; 14.0393
2; 2; 39; -0.230881; 0.234139; 2.51866; 133.663; 135.686; 115.074
2; 3; 33; 0.296315; 0.0979771; 1.3354; 46.6612; -168.7; 13.1042
2; 4; 39; 0.259067; 0.0768811; 0.974182; 59.0647; -144.748; 14.6438
2; 5; 33; 0.147762; 0.136578; 2.09673; 91.6793; 120.738; 164.921
2; 6; 41; 0.402573; 0.175436; 1.86955; 38.9787; -54.6474; 84.4419
2; 7; 42; 0.283674; 0.148291; 1.42711; 72.9015; -168.672; 23.2357
2; 8; 37; 0.303615; 0.103052; 1.35683; 42.9581; -169.28; 17.9624
2; 9; 47; 0; 0; 0; 0; -0; 0
2; 10; 42; 0.300514; 0.0985904; 1.32624; -35.055; 164.568; 17.7256
2; 11; 34; 0.305513; 0.105645; 1.35107; -43.1448; 169.251; 18.2857
2; 12; 35; 0.273187; 0.092225; 1.18401; 48.8537; -150.779; 17.6893
2; 13; 41; 0.265196; 0.0898592; 1.14715; -54.7855; 147.685; 17.7372
2; 14; 38; 0.301707; 0.102114; 1.34097; 32.5272; -172.884; 18.9774
2; 15; 37; 0.304822; 0.103951; 1.38268; 40.5949; -172.317; 17.7419
2; 16; 41; 0.1392; 0.0508762; 0.564345; -79.9426; 116.753; 19.7199
2; 17; 31; 0.26568; 0.0934069; 1.11064; 56.1455; -145.972; 17.1562
2; 18; 49; 0.0792479; 0.0219722; 0.36641; -66.2345; -117.707; 15.3618
2; 19; 38; 0; 0; 0; 0; -0; 0
2; 20; 36; 0.287413; 0.089473; 1.27291; 18.257; -159.378; 18.5023
2; Median: 39; 0.283674; 0.0979771; 1.3354; 17.7419; -117.707; 39.0266
2; Mean: 39; 0.214479; 0.0949569; 1.19809; 31.316; -46.99; 22.1075
2; Range: 18; 0.633454; 0.234139; 2.51866; 164.921; 342.134; 213.606
2; Stdev: 4.76445; 0.146486; 0.0532545; 0.601779; 40.3831; 134.365; 53.7645
3; 1; 29; 0.294763; 0.0350754; 1.28909; 46.2452; -157.627; 17.8337
3; 2; 27; 0.292575; 0.0499934; 1.28484; 56.451; -158.107; 19.6895
3; 3; 36; 0.311607; 0.0340239; 1.48699; 39.3012; -176.761; 17.7185
3; 4; 33; 0.305099; 0.03243; 1.35597; 32.5202; -164.329; 16.4206
3; 5; 29; 0.307482; 0.0306544; 1.44533; 43.5735; -164.615; 16.3008
3; 6; 35; 0.309599; 0.0291847; 1.27463; 29.5292; -161.936; 18.7145
3; 7; 31; -0.254279; -0.0866902; 0.18315; 83.7981; -16.9939; 16.6712
3; 8; 34; 0.311267; 0.0412824; 1.43334; 33.1353; -176.811; 19.1947
3; 9; 32; 0.315432; 0.0276404; 1.34533; 37.5429; -170.78; 16.8002
3; 10; 31; 0.300973; 0.0351024; 1.35469; 29.5949; -162.409; 16.9422
3; 11; 31; 0.307318; 0.0297786; 1.27989; 29.2932; -162.644; 18.2724
3; 12; 37; 0.305941; 0.0321387; 1.44023; 42.2215; -164.47; 17.0272
3; 13; 31; 0.307144; 0.0260141; 1.3439; 32.2219; -168.113; 16.2505
3; 14; 28; 0.306177; 0.0290429; 1.34193; 30.6126; -165.569; 17.0874
3; 15; 41; 0.2923; 0.0158274; 1.31615; 31.1609; -165.138; 14.2724
3; 16; 32; 0.131284; 0.00871011; 0.622637; -29.912; 102.35; 39.1047
3; 17; 41; 0.196905; 0.0225841; 0.809449; 61.6311; -114.289; 19.9533
3; 18; 32; 0.312988; 0.0438024; 1.37214; 23.6425; -179.899; 19.1189
3; 19; 37; 0.299183; 0.0226774; 1.4014; 38.6066; -175.68; 14.6478
3; 20; 29; 0.310182; 0.0270053; 1.37354; 46.6002; -175.849; 14.7832
3; Median: 32; 0.306177; 0.0297786; 1.34533; 17.0874; -164.47; 37.5429
3; Mean: 32.8; 0.263197; 0.0243139; 1.23773; 18.3402; -143.983; 36.8885
3; Range: 14; 0.569711; 0.136684; 1.30384; 24.8323; 282.25; 113.71
3; Stdev: 3.88072; 0.126589; 0.0269826; 0.316007; 5.01577; 66.3397; 20.4811
4; 1; 52; 0.354577; -0.0593314; 1.44431; 41.8023; -169.291; 17.5611
4; 2; 47; 0.350057; -0.0620838; 1.37022; 28.6789; -164.528; 18.046
4; 3; 57; 0.349883; -0.0598819; 1.39487; 29.0442; -164.475; 18.0086
4; 4; 49; 0.348038; -0.0646038; 1.3817; 29.5586; -163.316; 17.2134
4; 5; 48; 0.344571; -0.0723178; 1.4079; 34.2918; -168.205; 14.6008
4; 6; 57; 0.34882; -0.0614348; 1.39537; 29.7421; -162.876; 17.4748
4; 7; 48; 0.36223; -0.0454781; 1.395; 31.6045; -161.114; 20.3667
4; 8; 50; 0.341753; -0.0753797; 1.37933; 29.6299; -168.427; 15.1942
4; 9; 50; 0.34941; -0.0622714; 1.39414; 30.9507; -162.76; 17.2757
4; 10; 53; 0.347431; -0.068133; 1.37646; 29.0779; -166.003; 17.1014
4; 11; 48; 0.348142; -0.0634307; 1.38607; 30.1652; -162.709; 17.348
4; 12; 50; 0.347939; -0.0615995; 1.39421; 30.2518; -162.568; 17.2332
4; 13; 50; 0.350966; -0.0615641; 1.32521; 29.0337; -162.015; 18.8974
4; 14; 51; 0.341966; -0.0636464; 1.36509; 39.0782; -166.106; 15.4975
4; 15; 53; 0.350789; -0.0641379; 1.40963; 36.1644; -165.123; 16.133
4; 16; 50; 0.349755; -0.0621937; 1.40212; 35.2667; -163.341; 17.2824
4; 17; 51; 0.350345; -0.058976; 1.40775; 31.0882; -162.305; 17.3265
4; 18; 50; 0.344982; -0.0675304; 1.37892; 29.5495; -163.081; 16.7397
4; 19; 54; 0.349793; -0.063082; 1.34786; 28.8562; -162.247; 18.3668
4; 20; 56; 0.345321; -0.069804; 1.37043; 30.7053; -160.8; 15.7951
4; Median: 50; 0.34941; -0.0622714; 1.39414; 17.2824; -163.081; 30.2518
4; Mean: 51.2; 0.348838; -0.063344; 1.38633; 17.1731; -164.065; 31.727
4; Range: 10; 0.020477; 0.0299016; 0.119095; 5.76592; 8.49124; 13.1234
4; Stdev: 2.89137; 0.00432629; 0.00587468; 0.024323; 1.28247; 2.36777; 3.59039
5; 1; 70; 0.311548; -0.136662; 1.45939; 31.6448; -165.756; 17.2592
5; 2; 74; 0.310253; -0.139164; 1.45881; 31.7845; -165.819; 16.3003
5; 3; 78; 0.311378; -0.136137; 1.46588; 30.6874; -163.902; 16.895
5; 4; 76; 0.309241; -0.14018; 1.45223; 30.9403; -164.016; 16.4255
5; 5; 78; 0.310459; -0.138441; 1.44713; 29.3756; -164.356; 17.1429
5; 6; 73; 0.309744; -0.138495; 1.45061; 30.9711; -163.616; 16.6346
5; 7; 67; 0.309929; -0.138952; 1.44486; 30.3372; -164.136; 16.6929
5; 8; 82; 0.31344; -0.135901; 1.42783; 31.0715; -162.999; 17.6075
5; 9; 73; 0.309614; -0.14005; 1.44139; 30.1216; -164.354; 16.603
5; 10; 78; 0.310082; -0.138834; 1.44477; 30.7284; -163.689; 16.713
5; 11; 76; 0.310911; -0.145759; 1.46137; 25.2652; -164.386; 16.8989
5; 12; 77; 0.309486; -0.139095; 1.44692; 30.4638; -164.024; 16.5758
5; 13; 71; 0.306731; -0.142874; 1.45695; 30.8344; -165.323; 15.6864
5; 14; 78; 0.310215; -0.138466; 1.44605; 29.9583; -164.102; 17.0118
5; 15; 81; 0.309215; -0.140053; 1.45742; 30.4812; -164.076; 16.4983
5; 16; 74; 0.30784; -0.142144; 1.47869; 31.9021; -163.587; 16.1054
5; 17; 79; 0.307391; -0.13729; 1.41096; 27.2302; -159.465; 18.122
5; 18; 84; 0.30969; -0.138557; 1.44387; 30.6725; -163.719; 16.6942
5; 19; 76; 0.309493; -0.14005; 1.45307; 31.4308; -163.674; 16.3719
5; 20; 71; 0.309241; -0.137662; 1.46869; 30.1365; -165.631; 17.2342
5; Median: 76; 0.309744; -0.138834; 1.45223; 16.6942; -164.024; 30.6874
5; Mean: 75.8; 0.309795; -0.139238; 1.45084; 16.7736; -164.031; 30.3019
5; Range: 17; 0.00670931; 0.00985803; 0.067729; 2.4356; 6.35353; 6.63688
5; Stdev: 4.14246; 0.00143546; 0.00227193; 0.0142087; 0.524398; 1.29212; 1.5155
6; 1; 73; 0.304546; -0.216556; 1.52048; 30.1904; -165.054; 16.8143
6; 2; 71; 0.304456; -0.216446; 1.50729; 30.2471; -164.226; 16.5645
6; 3; 79; 0.304565; -0.216477; 1.50861; 30.334; -164.377; 16.5733
6; 4; 79; 0.30468; -0.216567; 1.51076; 30.2196; -164.462; 16.6629
6; 5; 70; 0.305531; -0.215484; 1.5102; 29.8811; -164.457; 17.0683
6; 6; 73; 0.304405; -0.217277; 1.51142; 31.2926; -163.574; 16.2338
6; 7; 74; 0.291005; -0.205666; 1.43421; 24.9133; -148.302; 21.0079
6; 8; 74; 0.304439; -0.216514; 1.51478; 30.7153; -164.631; 16.5091
6; 9; 68; 0.305508; -0.216206; 1.51038; 30.4938; -164.193; 16.8036
6; 10; 78; 0.304292; -0.217078; 1.52141; 28.5704; -166.339; 17.5935
6; 11; 71; 0.304382; -0.216248; 1.51483; 30.3891; -164.521; 16.6835
6; 12; 78; 0.30449; -0.21661; 1.50961; 31.291; -164.484; 16.205
6; 13; 73; 0.30484; -0.216051; 1.51385; 30.1096; -164.613; 16.7936
6; 14; 78; 0.303977; -0.218195; 1.51452; 29.6661; -164.578; 16.471
6; 15; 78; 0.304161; -0.214621; 1.51837; 30.5667; -165.561; 17
6; 16; 69; 0.299099; -0.223322; 1.53971; 28.7582; -168.564; 16.4094
6; 17; 69; 0.304843; -0.217296; 1.49236; 29.92; -164.284; 16.5196
6; 18; 79; 0.306762; -0.217127; 1.51687; 31.3516; -166.286; 16.6073
6; 19; 82; 0.302979; -0.217719; 1.48847; 28.2075; -165.517; 16.3081
6; 20; 70; 0.30445; -0.21622; 1.50687; 30.2657; -164.101; 16.5907
6; Median: 74; 0.304456; -0.216514; 1.51142; 16.6073; -164.484; 30.2471
6; Mean: 74.3; 0.303671; -0.216384; 1.50825; 16.871; -164.106; 29.8692
6; Range: 14; 0.015757; 0.0176558; 0.105502; 4.80295; 20.2618; 6.43835
6; Stdev: 4.12432; 0.00322316; 0.00295788; 0.0197497; 0.997711; 3.78225; 1.39991
7; 1; 53; 0.325141; -0.312484; 1.5896; 29.3676; -165.906; 16.8926
7; 2; 53; 0.326823; -0.311303; 1.57853; 28.1079; -164.474; 17.4971
7; 3; 56; 0.325642; -0.310679; 1.58429; 30.2581; -164.816; 16.8299
7; 4; 54; 0.327601; -0.30572; 1.55203; 28.376; -164.234; 17.9839
7; 5; 54; 0.335574; -0.275966; 1.4876; 23.8295; -161.345; 22.8301
7; 6; 45; 0.324271; -0.315732; 1.60376; 31.931; -164.788; 15.8653
7; 7; 47; 0.325927; -0.310614; 1.59989; 27.1198; -168.039; 17.0792
7; 8; 51; 0.328776; -0.314579; 1.62329; 29.198; -166.936; 17.9644
7; 9; 54; 0.325008; -0.313044; 1.59305; 30.2358; -165.174; 16.6996
7; 10; 61; 0.325876; -0.313609; 1.59992; 29.7387; -166.38; 17.0463
7; 11; 55; 0.325364; -0.311536; 1.5821; 30.5994; -164.513; 16.5564
7; 12; 53; 0.326659; -0.312643; 1.59158; 29.1413; -165.875; 17.3594
7; 13; 48; 0.339405; -0.294149; 1.5921; 33.0372; -162.956; 19.549
7; 14; 55; 0.325846; -0.31346; 1.56171; 32.4415; -163.47; 16.196
7; 15; 49; 0.324959; -0.31558; 1.55267; 37.3486; -163.517; 13.6197
7; 16; 56; 0.32535; -0.309081; 1.55354; 29.1825; -164.364; 17.4333
7; 17; 53; 0.318918; -0.332895; 1.74604; 33.8156; -167.897; 13.9463
7; 18; 53; 0.323818; -0.305765; 1.5802; 26.7017; -164.24; 18.0109
7; 19; 49; 0.325176; -0.310474; 1.57786; 30.0597; -164.504; 16.8562
7; 20; 54; 0.326961; -0.311656; 1.56922; 34.8871; -159.416; 16.888
7; Median: 53; 0.325846; -0.311536; 1.58429; 17.0463; -164.504; 30.0597
7; Mean: 52.65; 0.326655; -0.310048; 1.58595; 17.1552; -164.642; 30.2689
7; Range: 16; 0.0204878; 0.0569287; 0.258441; 9.21033; 8.62322; 13.5191
7; Stdev: 3.55352; 0.00410784; 0.0102738; 0.0457625; 1.82406; 1.97495; 2.9697
8; 1; 36; 0.334644; -0.399581; 1.70458; 27.9131; -168.621; 16.5973
8; 2; 37; 0.337149; -0.385894; 1.62514; 27.6244; -165.611; 17.4962
8; 3; 41; 0.336287; -0.383227; 1.62464; 28.9155; -164.138; 17.6889
8; 4; 42; 0.336722; -0.390452; 1.68976; 24.9296; -171.055; 16.6168
8; 5; 45; 0.338279; -0.392894; 1.66445; 31.4911; -165.664; 16.3048
8; 6; 42; 0.339989; -0.388839; 1.64983; 28.7544; -166.475; 18.5253
8; 7; 50; 0.341341; -0.39073; 1.65582; 30.3233; -166.835; 18.2275
8; 8; 42; 0.335994; -0.378513; 1.60156; 31.425; -165.798; 16.9986
8; 9; 32; 0.309593; -0.337146; 1.4331; 37.6539; -149.384; 20.68
8; 10; 44; 0.339886; -0.385494; 1.61852; 32.3808; -164.252; 17.6018
8; 11; 38; 0.329589; -0.374342; 1.57424; 31.3513; -151.083; 20.8911
8; 12; 44; 0.338202; -0.394855; 1.62289; 32.9867; -166.658; 15.7419
8; 13; 40; 0.336709; -0.373408; 1.65864; 37.723; -170.324; 17.4608
8; 14; 36; 0.334418; -0.3811; 1.60206; 26.2396; -163.959; 18.0972
8; 15; 45; 0.334641; -0.388351; 1.63089; 29.806; -164.575; 16.7479
8; 16; 35; 0.337202; -0.384942; 1.62937; 27.6359; -166.024; 18.424
8; 17; 36; 0.335474; -0.386165; 1.63024; 29.3578; -164.345; 17.1382
8; 18; 37; 0.323246; -0.414478; 1.6888; 30.6124; -172.39; 12.9075
8; 19; 34; 0.332761; -0.371; 1.55261; 26.65; -158.964; 20.0906
8; 20; 41; 0.337405; -0.385714; 1.60411; 42.9964; -161.82; 14.0632
8; Median: 41; 0.336709; -0.385714; 1.62937; 17.4962; -165.611; 30.3233
8; Mean: 39.85; 0.334477; -0.384356; 1.62306; 17.415; -164.399; 30.8385
8; Range: 18; 0.0317481; 0.0773324; 0.271486; 7.98354; 23.0057; 18.0668
8; Stdev: 4.41899; 0.0068813; 0.0143502; 0.057036; 1.88391; 5.5829; 4.26648
9; 1; 35; 0.335385; -0.485111; 1.69032; 30.4015; -165.218; 17.5577
9; 2; 36; 0.344513; -0.507031; 1.76365; 28.9827; -175.315; 13.3241
9; 3; 41; 0.331153; -0.473353; 1.62973; -66.1335; 156.622; 3.20886
9; 4; 35; 0.328168; -0.478684; 1.68369; 39.2902; -166.794; 13.3831
9; 5; 40; 0.333799; -0.477842; 1.67153; 33.3991; -164.884; 16.9035
9; 6; 42; 0.3352; -0.474892; 1.67258; 29.6774; -165.807; 17.9018
9; 7; 45; 0.330191; -0.482432; 1.70103; 33.3291; -165.989; 15.3385
9; 8; 33; 0.332556; -0.488789; 1.68477; 31.1857; -164.428; 16.2719
9; 9; 37; 0.333575; -0.476033; 1.66904; 28.3418; -164.626; 18.1827
9; 10; 39; 0.331984; -0.480308; 1.6658; -65.2162; 164.069; 5.57693
9; 11; 42; 0.333542; -0.4782; 1.68099; 29.2152; -165.099; 17.6052
9; 12; 39; 0.333055; -0.482141; 1.68721; 30.3369; -165.134; 16.9949
9; 13; 37; 0.331858; -0.479687; 1.70168; 30.9222; -166.023; 16.8106
9; 14; 34; 0.33455; -0.482255; 1.68649; 30.5779; -164.499; 17.4792
9; 15; 28; 0.332084; -0.484349; 1.69127; 32.0274; -163.042; 16.293
9; 16; 35; 0.335886; -0.483334; 1.69601; 27.7977; -166.542; 18.213
9; 17; 44; 0.33029; -0.476643; 1.68647; 33.2107; -164.943; 15.8175
9; 18; 35; 0.317722; -0.450237; 1.55996; 26.3399; -157.84; 18.1576
9; 19; 39; 0.342011; -0.506428; 1.74479; -48.8235; 172.802; 10.0289
9; 20; 39; 0.325494; -0.481895; 1.64262; 30.5529; -161.473; 15.1747
9; Median: 39; 0.333055; -0.480308; 1.68647; 16.8106; -164.884; 30.4015
9; Mean: 37.75; 0.332651; -0.481482; 1.68048; 15.0112; -115.708; 17.2708
9; Range: 17; 0.026791; 0.0567941; 0.203687; 15.0041; 348.117; 105.424
9; Stdev: 3.97335; 0.00533376; 0.0112488; 0.0397168; 4.06977; 117.777; 32.7334
10; 1; 22; 0.283936; -0.600323; 1.81846; 31.2907; -171.313; 12.7789
10; 2; 29; 0.306561; -0.538357; 1.58817; 23.012; -170.936; 18.7055
10; 3; 24; 0.304388; -0.561305; 1.74273; 30.838; -169.062; 17.2374
10; 4; 29; 0.300172; -0.545141; 1.69206; 22.5851; -165.309; 20.1847
10; 5; 27; 0.301169; -0.553126; 1.6958; 40.892; -163.277; 14.1467
10; 6; 26; 0.305452; -0.574554; 1.79865; 22.9583; -179.524; 14.5838
10; 7; 22; 0.298664; -0.558338; 1.75235; 30.0468; -162.987; 18.6022
10; 8; 23; 0.306029; -0.567195; 1.76812; 30.8611; -169.038; 17.3964
10; 9; 29; 0.299253; -0.568025; 1.73471; 38.4395; -159.805; 14.6258
10; 10; 24; 0.303682; -0.566502; 1.77687; 32.3215; -166.588; 15.9805
10; 11; 30; 0.308276; -0.56247; 1.75305; 28.6493; -169.324; 18.9878
10; 12; 23; 0.301331; -0.568225; 1.77148; 34.5045; -163.722; 16.6703
10; 13; 35; 0.301873; -0.550747; 1.70296; 30.1139; -163.443; 18.6006
10; 14; 28; 0.25095; -0.473483; 1.45656; -13.2321; -164.75; 26.2619
10; 15; 25; 0.283388; -0.568586; 1.67347; 26.8168; -164.9; 15.3572
10; 16; 29; 0.214478; -0.251649; 1.06059; 34.2138; 77.6158; 127.736
10; 17; 26; 0.284183; -0.527049; 1.63438; 21.5351; -156.106; 23.5404
10; 18; 28; 0.306871; -0.559541; 1.73724; 30.5672; -165.6; 18.7543
10; 19; 23; 0.301294; -0.558945; 1.67716; 35.8513; -160.829; 16.0238
10; 20; 30; 0.267445; -0.511187; 1.58049; 17.0214; -147.026; 28.671
10; Median: 27; 0.301294; -0.558945; 1.73471; 18.6006; -164.75; 30.5672
10; Mean: 26.6; 0.29147; -0.538237; 1.67077; 23.7422; -152.796; 27.4643
10; Range: 13; 0.0937986; 0.348673; 0.757876; 114.957; 257.139; 54.1241
10; Stdev: 3.30757; 0.0227782; 0.0705454; 0.163222; 24.1719; 53.2362; 10.9928
11; 1; 13; 0; 0; 0; 0; -0; 0
11; 2; 13; 0; 0; 0; 0; -0; 0
11; 3; 21; 0.343071; -0.62934; 1.77293; 29.9137; -154.956; 24.9482
11; 4; 19; 0.348091; -0.6533; 1.80971; 25.8377; -169.056; 18.8869
11; 5; 24; 0.348941; -0.680419; 1.85971; 51.4588; -142.81; 15.9076
11; 6; 20; 0.343506; -0.663517; 1.81884; 32.7684; -163.85; 16.8859
11; 7; 15; 0.235568; -0.354901; 1.14169; 2.96222; -118.615; 73.2344
11; 8; 18; 0.321597; -0.652812; 1.83339; 38.7024; -177.362; 12.2182
11; 9; 11; 0; 0; 0; 0; -0; 0
11; 10; 20; 0.314743; -0.434284; 2.15473; 112.026; -172.396; 8.54495
11; 11; 17; 0.344022; -0.664888; 1.8215; 38.5768; -161.092; 15.2641
11; 12; 18; 0; 0; 0; 0; -0; 0
11; 13; 14; 0; 0; 0; 0; -0; 0
11; 14; 15; 0.349736; -0.664316; 1.87754; 25.0902; -168.266; 20.3934
11; 15; 21; 0.0104546; -0.748657; 2.08747; -140.055; 49.9871; 169.054
11; 16; 15; 0; 0; 0; 0; -0; 0
11; 17; 20; 0.374912; -0.607451; 1.757; 38.8953; -156.905; 23.6926
11; 18; 19; 0.350636; -0.659926; 1.83691; 32.5836; -164.767; 18.1014
11; 19; 15; 0; 0; 0; 0; -0; 0
11; 20; 17; 0.232806; -0.593969; 1.74774; -104.515; 6.73251; 170.748
11; Median: 18; 0.314743; -0.593969; 1.77293; 15.9076; -118.615; 25.0902
11; Mean: 17.25; 0.195904; -0.400389; 1.17596; 29.394; -84.6678; 9.21225
11; Range: 13; 0.374912; 0.748657; 2.15473; 170.748; 227.349; 252.081
11; Stdev: 3.23844; 0.162406; 0.305104; 0.881803; 49.5454; 83.7505; 51.4171
12; 1; 14; 0; 0; 0; 0; -0; 0
12; 2; 6; 0; 0; 0; 0; -0; 0
12; 3; 9; 0; 0; 0; 0; -0; 0
12; 4; 11; 0; 0; 0; 0; -0; 0
12; 5; 12; 0; 0; 0; 0; -0; 0
12; 6; 10; 0; 0; 0; 0; -0; 0
12; 7; 8; 0; 0; 0; 0; -0; 0
12; 8; 12; 0; 0; 0; 0; -0; 0
12; 9; 9; 0.333267; -0.775052; 1.87873; 19.5997; -179.752; 13.3634
12; 10; 13; 0.334706; -0.775882; 1.87974; 20.073; -178.763; 13.7597
12; 11; 14; 0.338356; -0.76937; 1.87307; 20.7751; -177.104; 14.9825
12; 12; 9; 0; 0; 0; 0; -0; 0
12; 13; 11; 0; 0; 0; 0; -0; 0
12; 14; 10; 0.127666; -0.602081; 1.99424; -82.5439; 36.8562; 138.502
12; 15; 12; 0; 0; 0; 0; -0; 0
12; 16; 15; 0; 0; 0; 0; -0; 0
12; 17; 8; 0; 0; 0; 0; -0; 0
12; 18; 12; 0.144776; -0.421625; 1.26092; -49.9077; -125.891; 167.444
12; 19; 14; 0; 0; 0; 0; -0; 0
12; 20; 10; 0.320269; -0.701959; 1.75047; 40.4301; -167.712; 15.8996
12; Median: 11; 0; 0; 0; 0; -0; 0
12; Mean: 10.95; 0.079952; -0.202298; 0.531858; 18.1976; -39.6183; -1.57868
12; Range: 9; 0.338356; 0.775882; 1.99424; 167.444; 216.609; 122.974
12; Stdev: 2.33399; 0.132205; 0.31695; 0.822952; 45.5206; 74.0186; 24.6046
13; 1; 14; 0.320405; -0.856411; 1.93669; 28.8613; -169.099; 12.1186
13; 2; 8; 0; 0; 0; 0; -0; 0
13; 3; 10; 0; 0; 0; 0; -0; 0
13; 4; 8; 0; 0; 0; 0; -0; 0
13; 5; 7; 0.30523; -0.905717; 2.14627; 36.0323; -177.843; 8.21292
13; 6; 9; 0; 0; 0; 0; -0; 0
13; 7; 13; 0.312267; -0.901609; 2.11349; 33.9599; -176.757; 9.61485
13; 8; 10; 0; 0; 0; 0; -0; 0
13; 9; 12; 0; 0; 0; 0; -0; 0
13; 10; 11; 0; 0; 0; 0; -0; 0
13; 11; 14; 0; 0; 0; 0; -0; 0
13; 12; 13; 0.345599; -0.818597; 1.95352; 21.3726; 178.513; 16.4727
13; 13; 6; 0.341231; -0.769036; 1.75248; 32.4452; -160.869; 18.4493
13; 14; 7; 0; 0; 0; 0; -0; 0
13; 15; 13; 0; 0; 0; 0; -0; 0
13; 16; 8; 0.363782; -0.777847; 1.917; 12.3468; 174.758; 19.4622
13; 17; 9; 0.364542; -0.823125; 2.0976; 46.0753; -165.984; 17.6297
13; 18; 6; 0; 0; 0; 0; -0; 0
13; 19; 8; 0.429699; -0.044852; 0.593651; -12.9124; 140.05; 48.8799
13; 20; 8; 0.271111; -0.960221; 2.28327; 34.2213; 170.528; 3.03398
13; Median: 9; 0; 0; 0; 0; -0; 0
13; Mean: 9.7; 0.152693; -0.342871; 0.839699; 7.69371; -9.33514; 11.6201
13; Range: 8; 0.429699; 0.960221; 2.28327; 48.8799; 356.356; 58.9877
13; Stdev: 2.59037; 0.171213; 0.417348; 0.981077; 11.8799; 112.75; 16.8919
14; 1; 4; 0; 0; 0; 0; -0; 0
14; 2; 9; 0; 0; 0; 0; -0; 0
14; 3; 3; 0; 0; 0; 0; -0; 0
14; 4; 9; 0; 0; 0; 0; -0; 0
14; 5; 4; 0; 0; 0; 0; -0; 0
14; 6; 10; 0.326998; -0.720371; 1.41354; 14.6529; -164.475; 28.7855
14; 7; 6; 0; 0; 0; 0; -0; 0
14; 8; 6; 0; 0; 0; 0; -0; 0
14; 9; 6; 0; 0; 0; 0; -0; 0
14; 10; 6; 0; 0; 0; 0; -0; 0
14; 11; 5; 0; 0; 0; 0; -0; 0
14; 12; 6; 0; 0; 0; 0; -0; 0
14; 13; 4; 0; 0; 0; 0; -0; 0
14; 14; 4; 0; 0; 0; 0; -0; 0
14; 15; 6; 0; 0; 0; 0; -0; 0
14; 16; 6; 0; 0; 0; 0; -0; 0
14; 17; 5; 0; 0; 0; 0; -0; 0
14; 18; 3; 0; 0; 0; 0; -0; 0
14; 19; 6; 0; 0; 0; 0; -0; 0
14; 20; 4; 0; 0; 0; 0; -0; 0
14; Median: 6; 0; 0; 0; 0; -0; 0
14; Mean: 5.6; 0.0163499; -0.0360186; 0.0706771; 1.43927; -8.22376; 0.732644
14; Range: 7; 0.326998; 0.720371; 1.41354; 28.7855; 164.475; 14.6529
14; Stdev: 1.88149; 0.0712677; 0.157001; 0.308074; 6.27365; 35.8465; 3.19352
15; 1; 4; 0; 0; 0; 0; -0; 0
15; 2; 3; 0; 0; 0; 0; -0; 0
15; 3; 4; 0; 0; 0; 0; -0; 0
15; 4; 8; 0; 0; 0; 0; -0; 0
15; 5; 4; 0; 0; 0; 0; -0; 0
15; 6; 4; 0; 0; 0; 0; -0; 0
15; 7; 5; 0; 0; 0; 0; -0; 0
15; 8; 6; 0; 0; 0; 0; -0; 0
15; 9; 6; 0; 0; 0; 0; -0; 0
15; 10; 5; 0; 0; 0; 0; -0; 0
15; 11; 2; 0; 0; 0; 0; -0; 0
15; 12; 2; 0; 0; 0; 0; -0; 0
15; 13; 7; 0; 0; 0; 0; -0; 0
15; 14; 5; 0; 0; 0; 0; -0; 0
15; 15; 5; 0; 0; 0; 0; -0; 0
15; 16; 6; 0; 0; 0; 0; -0; 0
15; 17; 8; 0; 0; 0; 0; -0; 0
15; 18; 2; 0; 0; 0; 0; -0; 0
15; 19; 6; 0; 0; 0; 0; -0; 0
15; 20; 4; 0; 0; 0; 0; -0; 0
15; Median: 5; 0; 0; 0; 0; -0; 0
15; Mean: 4.8; 0; 0; 0; 0; 0; 0
15; Range: 6; 0; 0; 0; 0; 0; 0
15; Stdev: 1.74929; 0; 0; 0; 0; 0; 0
16; 1; 13; 0; 0; 0; 0; -0; 0
16; 2; 4; 0; 0; 0; 0; -0; 0
16; 3; 2; 0; 0; 0; 0; -0; 0
16; 4; 4; 0; 0; 0; 0; -0; 0
16; 5; 5; 0; 0; 0; 0; -0; 0
16; 6; 6; 0; 0; 0; 0; -0; 0
16; 7; 4; 0; 0; 0; 0; -0; 0
16; 8; 4; 0; 0; 0; 0; -0; 0
16; 9; 6; 0; 0; 0; 0; -0; 0
16; 10; 2; 0; 0; 0; 0; -0; 0
16; 11; 3; 0; 0; 0; 0; -0; 0
16; 12; 4; 0; 0; 0; 0; -0; 0
16; 13; 3; 0; 0; 0; 0; -0; 0
16; 14; 3; 0; 0; 0; 0; -0; 0
16; 15; 2; 0; 0; 0; 0; -0; 0
16; 16; 7; 0; 0; 0; 0; -0; 0
16; 17; 5; 0; 0; 0; 0; -0; 0
16; 18; 6; 0; 0; 0; 0; -0; 0
16; 19; 5; 0; 0; 0; 0; -0; 0
16; 20; 3; 0; 0; 0; 0; -0; 0
16; Median: 4; 0; 0; 0; 0; -0; 0
16; Mean: 4.55; 0; 0; 0; 0; 0; 0
16; Range: 11; 0; 0; 0; 0; 0; 0
16; Stdev: 2.39739; 0; 0; 0; 0; 0; 0
17; 1; 8; 0; 0; 0; 0; -0; 0
17; 2; 3; 0; 0; 0; 0; -0; 0
17; 3; 5; 0; 0; 0; 0; -0; 0
17; 4; 5; 0; 0; 0; 0; -0; 0
17; 5; 7; 0; 0; 0; 0; -0; 0
17; 6; 6; 0; 0; 0; 0; -0; 0
17; 7; 7; 0; 0; 0; 0; -0; 0
17; 8; 9; 0; 0; 0; 0; -0; 0
17; 9; 4; 0; 0; 0; 0; -0; 0
17; 10; 5; 0; 0; 0; 0; -0; 0
17; 11; 6; 0; 0; 0; 0; -0; 0
17; 12; 11; 0.577768; 0.32878; 1.18782; -112.219; 154.642; 79.2414
17; 13; 6; 0.584962; 0.103472; 1.19559; -163.026; -108.495; 167.403
17; 14; 5; 0.222684; -0.0366953; 0.386185; -141.227; -124.303; 154.539
17; 15; 7; 0; 0; 0; 0; -0; 0
17; 16; 11; 0; 0; 0; 0; -0; 0
17; 17; 6; 0; 0; 0; 0; -0; 0
17; 18; 8; 0; 0; 0; 0; -0; 0
17; 19; 7; 0; 0; 0; 0; -0; 0
17; 20; 8; 0; 0; 0; 0; -0; 0
17; Median: 7; 0; 0; 0; 0; -0; 0
17; Mean: 6.7; 0.0692707; 0.0197778; 0.13848; 20.0592; -3.90784; -20.8236
17; Range: 8; 0.584962; 0.365475; 1.19559; 167.403; 278.945; 163.026
17; Stdev: 2.02731; 0.177428; 0.0749419; 0.360969; 50.069; 50.4138; 50.2212
18; 1; 6; 0; 0; 0; 0; -0; 0
18; 2; 9; 0; 0; 0; 0; -0; 0
18; 3; 8; 0; 0; 0; 0; -0; 0
18; 4; 5; 0; 0; 0; 0; -0; 0
18; 5; 7; 0; 0; 0; 0; -0; 0
18; 6; 11; 0; 0; 0; 0; -0; 0
18; 7; 6; 0; 0; 0; 0; -0; 0
18; 8; 14; 0; 0; 0; 0; -0; 0
18; 9; 5; 0; 0; 0; 0; -0; 0
18; 10; 7; 0; 0; 0; 0; -0; 0
18; 11; 6; 0; 0; 0; 0; -0; 0
18; 12; 11; 0; 0; 0; 0; -0; 0
18; 13; 9; 0; 0; 0; 0; -0; 0
18; 14; 4; 0; 0; 0; 0; -0; 0
18; 15; 8; 0; 0; 0; 0; -0; 0
18; 16; 7; 0; 0; 0; 0; -0; 0
18; 17; 7; 0; 0; 0; 0; -0; 0
18; 18; 6; 0; 0; 0; 0; -0; 0
18; 19; 7; 0; 0; 0; 0; -0; 0
18; 20; 6; 0; 0; 0; 0; -0; 0
18; Median: 7; 0; 0; 0; 0; -0; 0
18; Mean: 7.45; 0; 0; 0; 0; 0; 0
18; Range: 10; 0; 0; 0; 0; 0; 0
18; Stdev: 2.33399; 0; 0; 0; 0; 0; 0
19; 1; 9; 0; 0; 0; 0; -0; 0
19; 2; 6; 0; 0; 0; 0; -0; 0
19; 3; 9; 0; 0; 0; 0; -0; 0
19; 4; 13; 0; 0; 0; 0; -0; 0
19; 5; 7; 0; 0; 0; 0; -0; 0
19; 6; 7; 0; 0; 0; 0; -0; 0
19; 7; 9; 0; 0; 0; 0; -0; 0
19; 8; 5; 0; 0; 0; 0; -0; 0
19; 9; 13; 0; 0; 0; 0; -0; 0
19; 10; 11; 0; 0; 0; 0; -0; 0
19; 11; 12; 0; 0; 0; 0; -0; 0
19; 12; 8; 0; 0; 0; 0; -0; 0
19; 13; 10; 0; 0; 0; 0; -0; 0
19; 14; 11; 0; 0; 0; 0; -0; 0
19; 15; 8; 0; 0; 0; 0; -0; 0
19; 16; 8; 0; 0; 0; 0; -0; 0
19; 17; 7; 0; 0; 0; 0; -0; 0
19; 18; 11; 0; 0; 0; 0; -0; 0
19; 19; 10; 0; 0; 0; 0; -0; 0
19; 20; 11; 0.117946; -0.199218; 0.182952; 113.494; 12.1474; 106.291
19; Median: 9; 0; 0; 0; 0; -0; 0
19; Mean: 9.25; 0.0058973; -0.00996092; 0.00914759; 5.31455; 0.607369; 5.67468
19; Range: 8; 0.117946; 0.199218; 0.182952; 106.291; 12.1474; 113.494
19; Stdev: 2.21077; 0.0257057; 0.0434187; 0.0398734; 23.1656; 2.64746; 24.7353
20; 1; 16; 0; 0; 0; 0; -0; 0
20; 2; 10; 0; 0; 0; 0; -0; 0
20; 3; 14; 0; 0; 0; 0; -0; 0
20; 4; 7; 0; 0; 0; 0; -0; 0
20; 5; 14; 0; 0; 0; 0; -0; 0
20; 6; 11; 0; 0; 0; 0; -0; 0
20; 7; 9; 0; 0; 0; 0; -0; 0
20; 8; 7; 0; 0; 0; 0; -0; 0
20; 9; 8; 0; 0; 0; 0; -0; 0
20; 10; 11; 0.128917; -0.109211; 0.254016; -59.7278; -42.5898; 79.6755
20; 11; 11; 0; 0; 0; 0; -0; 0
20; 12; 12; 0; 0; 0; 0; -0; 0
20; 13; 8; 0; 0; 0; 0; -0; 0
20; 14; 11; 0; 0; 0; 0; -0; 0
20; 15; 10; 0; 0; 0; 0; -0; 0
20; 16; 17; 0; 0; 0; 0; -0; 0
20; 17; 12; 0; 0; 0; 0; -0; 0
20; 18; 11; 0; 0; 0; 0; -0; 0
20; 19; 11; 0; 0; 0; 0; -0; 0
20; 20; 13; 0; 0; 0; 0; -0; 0
20; Median: 11; 0; 0; 0; 0; -0; 0
20; Mean: 11.15; 0.00644584; -0.00546054; 0.0127008; 3.98377; -2.12949; -2.98639
20; Range: 10; 0.128917; 0.109211; 0.254016; 79.6755; 42.5898; 59.7278
20; Stdev: 2.65094; 0.0280968; 0.0238019; 0.0553614; 17.3649; 9.28224; 13.0174
