goesser_20_55_; 1; Median; 52; 0; 0; 0; 0; -0; 0
goesser_20_55_; 1; Mean; 50.1; 0.00614479; -0.0148406; 0.0497662; 11.2066; 2.5998; -5.1634
goesser_20_55_; 1; Range; 21; 0.0908602; 0.157569; 0.604936; 125.729; 259.965; 189.848
goesser_20_55_; 1; Stdev; 5.32823; 0.0206479; 0.044616; 0.153104; 33.8963; 41.8375; 33.7787
goesser_20_55_; 2; Median; 51; 0; 0; 0; 0; -0; 0
goesser_20_55_; 2; Mean; 51.35; 0.0118282; -0.00374385; 0.0658543; 4.548; 1.01974; -7.53337
goesser_20_55_; 2; Range; 20; 0.236564; 0.0748769; 1.31709; 90.96; 20.3949; 150.667
goesser_20_55_; 2; Stdev; 4.26937; 0.0515579; 0.016319; 0.287052; 19.8243; 4.44496; 32.8372
goesser_20_55_; 3; Median; 62; 0; 0; 0; 0; -0; 0
goesser_20_55_; 3; Mean; 61.6; -0.00398407; 0.0183535; 0.0968072; 23.4442; 2.16131; -0.300306
goesser_20_55_; 3; Range; 21; 0.441222; 0.425844; 0.778642; 178.884; 189.501; 227.605
goesser_20_55_; 3; Stdev; 5.48999; 0.082302; 0.0767067; 0.226969; 50.6336; 32.8174; 39.5465
goesser_20_55_; 4; Median; 66; 0; 0.0963564; 0.319053; 4.1344; -0; 0
goesser_20_55_; 4; Mean; 64.7; -0.012159; 0.142266; 0.365014; 21.9263; 0.653736; 14.7156
goesser_20_55_; 4; Range; 24; 0.248384; 0.429515; 0.908119; 165.166; 339.121; 325.346
goesser_20_55_; 4; Stdev; 6.00916; 0.0589794; 0.159466; 0.393005; 43.187; 98.2601; 85.7285
goesser_20_55_; 5; Median; 62; 0.011491; 0.242992; 0.915066; 6.73531; -0; 65.8577
goesser_20_55_; 5; Mean; 61.2; 0.00421154; 0.200161; 0.684731; 14.2694; -33.7098; 58.0705
goesser_20_55_; 5; Range; 19; 0.144918; 0.374927; 1.10699; 176.314; 353.253; 307.95
goesser_20_55_; 5; Stdev; 4.44522; 0.037698; 0.13101; 0.422505; 37.5751; 133.881; 67.7535
goesser_20_55_; 6; Median; 69; 0.0383128; 0.210069; 1.10691; 6.21138; -160.225; 68.7238
goesser_20_55_; 6; Mean; 67.4; 0.0121737; 0.2163; 1.06484; 22.0694; -95.2361; 72.6134
goesser_20_55_; 6; Range; 25; 0.21609; 0.238057; 0.537028; 175.29; 332.198; 291.852
goesser_20_55_; 6; Stdev; 6.5681; 0.0556565; 0.0507859; 0.119201; 45.909; 118.856; 52.297
goesser_20_55_; 7; Median; 73; -0.0166062; 0.18218; 1.19152; 5.95388; -161.801; 69.8068
goesser_20_55_; 7; Mean; 72.35; -0.0316675; 0.191983; 1.17616; 6.13447; -114.975; 75.9829
goesser_20_55_; 7; Range; 33; 0.168147; 0.145849; 0.179386; 10.7661; 332.001; 72.6701
goesser_20_55_; 7; Stdev; 7.41805; 0.0415551; 0.0403392; 0.0468599; 2.20522; 112.736; 20.0988
goesser_20_55_; 8; Median; 70; -0.0133583; 0.142484; 1.28236; 6.35679; -161.069; 68.6492
goesser_20_55_; 8; Mean; 69.35; -0.0239114; 0.154; 1.27215; 6.5276; -130.016; 73.877
goesser_20_55_; 8; Range; 18; 0.115512; 0.142516; 0.168397; 6.25464; 329.253; 72.8035
goesser_20_55_; 8; Stdev; 5.27518; 0.029732; 0.0345917; 0.0464694; 1.23567; 95.7749; 17.4707
goesser_20_55_; 9; Median; 73; 0.00723134; 0.104345; 1.38823; 6.35765; -161.862; 68.6559
goesser_20_55_; 9; Mean; 72.25; -0.0132899; 0.12727; 1.36886; 6.44079; -99.0278; 78.5966
goesser_20_55_; 9; Range; 30; 0.129581; 0.13754; 0.184137; 7.10231; 337.587; 61.7897
goesser_20_55_; 9; Stdev; 7.13355; 0.0427154; 0.0446584; 0.0505368; 1.52047; 127.698; 20.0122
goesser_20_55_; 10; Median; 67; 0.0447685; 0.0555256; 1.49905; 5.08291; -162.631; 66.5131
goesser_20_55_; 10; Mean; 66.6; 0.0443081; 0.0548448; 1.49618; 5.20494; -162.734; 66.142
goesser_20_55_; 10; Range; 23; 0.034833; 0.0412807; 0.121118; 3.94851; 14.4659; 10.0609
goesser_20_55_; 10; Stdev; 5.2192; 0.00931826; 0.00855807; 0.0259428; 0.894549; 3.48807; 2.34318
goesser_20_55_; 11; Median; 67; 0.0099893; 0.0210148; 1.58142; 6.0657; -162.178; 68.4461
goesser_20_55_; 11; Mean; 67.85; 0.0101711; 0.0213542; 1.58035; 5.81242; -161.881; 68.7525
goesser_20_55_; 11; Range; 32; 0.0343832; 0.0318445; 0.127994; 4.20276; 10.3637; 8.36622
goesser_20_55_; 11; Stdev; 7.41131; 0.00664283; 0.0075415; 0.0230768; 1.10231; 2.16176; 2.36103
goesser_20_55_; 12; Median; 48; 0.0174094; -0.0234474; 1.68403; 5.78135; -162.937; 68.3972
goesser_20_55_; 12; Mean; 47.35; 0.0178595; -0.0249874; 1.68148; 6.15107; -162.247; 67.4477
goesser_20_55_; 12; Range; 15; 0.0306041; 0.0214037; 0.0781835; 3.63109; 8.13792; 7.25189
goesser_20_55_; 12; Stdev; 4.19851; 0.00700289; 0.00522815; 0.0174807; 0.909711; 2.00656; 1.87266
goesser_20_55_; 13; Median; 52; 0.0330353; -0.0521875; 1.76612; 5.742; -162.898; 68.6633
goesser_20_55_; 13; Mean; 51.4; 0.0309149; -0.0498148; 1.68297; 5.73937; -154.652; 65.8046
goesser_20_55_; 13; Range; 22; 0.0446737; 0.0814754; 1.83349; 11.9323; 168.652; 86.2581
goesser_20_55_; 13; Stdev; 5.51725; 0.00991149; 0.0186574; 0.387401; 2.07029; 35.5679; 15.9729
goesser_20_55_; 14; Median; 44; 0.0229721; -0.076904; 1.87398; 5.56482; -161.219; 68.8669
goesser_20_55_; 14; Mean; 44.3; 0.0126578; -0.0735718; 1.70939; 6.36236; -108.729; 64.3519
goesser_20_55_; 14; Range; 16; 0.121326; 0.245892; 1.95833; 35.3534; 336.09; 132.209
goesser_20_55_; 14; Stdev; 4.08779; 0.0284892; 0.0497249; 0.498226; 7.02129; 112.867; 28.5642
goesser_20_55_; 15; Median; 37; 0.0306225; -0.111664; 1.93055; 5.20877; -159.991; 67.8657
goesser_20_55_; 15; Mean; 38.2; 0.0132518; -0.0877069; 1.71358; 22.116; -98.2634; 49.8002
goesser_20_55_; 15; Range; 18; 0.212824; 0.170814; 2.02287; 179.445; 336.684; 200.8
goesser_20_55_; 15; Stdev; 4.68615; 0.0462784; 0.0498986; 0.581358; 52.241; 104.922; 48.872
goesser_20_55_; 16; Median; 36; 0.0216908; -0.15479; 2.07873; 6.8288; -159.753; 68.3164
goesser_20_55_; 16; Mean; 36.7; 0.0226745; -0.143305; 1.96277; 14.7269; -144.771; 57.0666
goesser_20_55_; 16; Range; 20; 0.0659677; 0.172289; 2.12181; 179.181; 165.137; 180.86
goesser_20_55_; 16; Stdev; 5.13907; 0.0124007; 0.0371386; 0.453859; 37.7968; 44.8131; 38.9173
goesser_20_55_; 17; Median; 36; 0.0137071; -0.18474; 2.13078; 5.23708; -159.974; 67.4366
goesser_20_55_; 17; Mean; 36.35; -3.64417e-05; -0.155654; 1.90891; 22.2747; -111.525; 48.6242
goesser_20_55_; 17; Range; 16; 0.139521; 0.205758; 2.22873; 179.864; 315.595; 205.753
goesser_20_55_; 17; Stdev; 4.3735; 0.0363534; 0.0605646; 0.641992; 52.1171; 90.7192; 52.5128
goesser_20_55_; 18; Median; 34; 0.019865; -0.21435; 2.30041; 6.46268; -15.7078; 67.6896
goesser_20_55_; 18; Mean; 32.6; -0.008327; -0.184324; 2.03735; 55.1327; -44.9291; 19.6716
goesser_20_55_; 18; Range; 17; 0.162586; 0.277275; 2.65334; 179.99; 330.349; 232.434
goesser_20_55_; 18; Stdev; 4.07922; 0.0509571; 0.0763126; 0.694821; 77.3174; 116.027; 80.0051
goesser_20_55_; 19; Median; 30; 0.000118446; -0.240261; 2.26657; 7.51624; -153.001; 70.2123
goesser_20_55_; 19; Mean; 29.85; -0.00809914; -0.213746; 2.05104; 6.59356; -84.217; 63.8118
goesser_20_55_; 19; Range; 15; 0.151118; 0.568352; 2.372; 13.4633; 328.372; 295.504
goesser_20_55_; 19; Stdev; 4.10213; 0.0455466; 0.109232; 0.61965; 4.05009; 125.588; 54.9829
goesser_20_55_; 20; Median; 36; 0; -0.1939; 2.23711; 3.76354; -0; 0
goesser_20_55_; 20; Mean; 35.05; 0.00667401; -0.150201; 1.28601; 21.0689; -68.294; 21.8217
goesser_20_55_; 20; Range; 15; 0.127953; 0.320396; 2.48925; 179.901; 184.893; 171.859
goesser_20_55_; 20; Stdev; 3.89198; 0.0333884; 0.138522; 1.16548; 52.8868; 80.0013; 48.7441
goesser_20_55_; 21; Median; 26; 0; 0; 0.237446; 2.36321; -0; 40.6999
goesser_20_55_; 21; Mean; 27.2; -0.0306569; -0.132985; 0.995742; 14.0916; -45.4737; 35.8597
goesser_20_55_; 21; Range; 16; 0.110132; 0.513557; 2.53822; 144.886; 342.403; 169.451
goesser_20_55_; 21; Stdev; 3.95727; 0.0365671; 0.169199; 1.16727; 33.9431; 92.4; 43.006
goesser_20_55_; 22; Median; 31; 0; 0; 0; 0; -0; 0
goesser_20_55_; 22; Mean; 30.05; -0.0299732; -0.148488; 0.967134; 22.053; -4.40709; 7.26512
goesser_20_55_; 22; Range; 20; 0.257014; 0.414993; 2.73151; 179.181; 344.002; 285.993
goesser_20_55_; 22; Stdev; 4.97469; 0.0565595; 0.170125; 1.20482; 51.2247; 95.8225; 62.071
goesser_20_55_; 23; Median; 30; 0; 0; 0; 0; -0; 0
goesser_20_55_; 23; Mean; 30.05; -0.0200538; -0.0695569; 0.413953; 15.5311; -6.05621; 15.6009
goesser_20_55_; 23; Range; 20; 0.175938; 0.570782; 2.68881; 102.797; 340.01; 314.407
goesser_20_55_; 23; Stdev; 4.86287; 0.0500513; 0.160595; 0.869191; 34.4747; 66.4215; 63.1352
goesser_20_55_; 24; Median; 38; 0; 0; 0; 0; -0; 0
goesser_20_55_; 24; Mean; 37.45; -0.00103716; -0.067856; 0.412545; 9.54189; -15.0013; 0.159746
goesser_20_55_; 24; Range; 14; 0.116067; 0.541152; 3.059; 176.764; 167.244; 201.814
goesser_20_55_; 24; Stdev; 4.43255; 0.0203699; 0.164394; 0.987239; 38.4513; 46.7222; 35.4367
goesser_20_55_; 25; Median; 36; 0; 0; 0; 0; -0; 0
goesser_20_55_; 25; Mean; 36.85; -0.00861163; 0.000233611; 0.0204275; 1.80762; -6.96737; 8.21356
goesser_20_55_; 25; Range; 19; 0.172233; 0.00467222; 0.408549; 36.1525; 139.347; 164.271
goesser_20_55_; 25; Stdev; 5.17953; 0.0375372; 0.00101829; 0.0890413; 7.87925; 30.37; 35.8021
goesser_20_55_; 26; Median; 33; 0; 0; 0; 0; -0; 0
goesser_20_55_; 26; Mean; 33; 0; 0; 0; 0; 0; 0
goesser_20_55_; 26; Range; 12; 0; 0; 0; 0; 0; 0
goesser_20_55_; 26; Stdev; 3.56371; 0; 0; 0; 0; 0; 0
goesser_20_55_; 27; Median; 31; 0; 0; 0; 0; -0; 0
goesser_20_55_; 27; Mean; 29.8; 0; 0; 0; 0; 0; 0
goesser_20_55_; 27; Range; 13; 0; 0; 0; 0; 0; 0
goesser_20_55_; 27; Stdev; 3.50143; 0; 0; 0; 0; 0; 0
goesser_20_55_; 28; Median; 37; 0; 0; 0; 0; -0; 0
goesser_20_55_; 28; Mean; 35.6; 0.0139527; 0.00899313; 0.0290512; 1.22191; -2.22007; 1.44789
goesser_20_55_; 28; Range; 16; 0.279055; 0.179863; 0.581024; 24.4382; 44.4014; 28.9579
goesser_20_55_; 28; Stdev; 4.994; 0.0608185; 0.0392001; 0.126631; 5.32617; 9.67705; 6.31122
goesser_20_55_; 29; Median; 35; 0; 0; 0; 0; -0; 0
goesser_20_55_; 29; Mean; 34.2; 0.00751421; 0.020238; 0.0414992; 8.26845; 5.74073; 0.295422
goesser_20_55_; 29; Range; 16; 0.528021; 0.222652; 0.567566; 99.6156; 105.445; 281.32
goesser_20_55_; 29; Stdev; 4.4; 0.0864773; 0.0610516; 0.13352; 25.3766; 22.9644; 44.4895
goesser_20_55_; 30; Median; 37; 0; 0; 0; 0; -0; 0
goesser_20_55_; 30; Mean; 37.45; 0; 0; 0; 0; 0; 0
goesser_20_55_; 30; Range; 13; 0; 0; 0; 0; 0; 0
goesser_20_55_; 30; Stdev; 3.32378; 0; 0; 0; 0; 0; 0
goesser_20_55_; 31; Median; 36; 0; 0; 0; 0; -0; 0
goesser_20_55_; 31; Mean; 36.75; 0; 0; 0; 0; 0; 0
goesser_20_55_; 31; Range; 17; 0; 0; 0; 0; 0; 0
goesser_20_55_; 31; Stdev; 4.19375; 0; 0; 0; 0; 0; 0
goesser_20_55_; 32; Median; 34; 0; 0; 0; 0; -0; 0
goesser_20_55_; 32; Mean; 33.6; -0.0103012; -0.0401645; 0.180627; 12.0109; 2.83936; -6.6362
goesser_20_55_; 32; Range; 14; 0.442213; 0.701073; 3.44092; 170.845; 44.8561; 108.573
goesser_20_55_; 32; Stdev; 3.77359; 0.076445; 0.153246; 0.748895; 39.4433; 9.98294; 23.9693
goesser_20_55_; 33; Median; 36; 0; 0; 0; 0; -0; 0
goesser_20_55_; 33; Mean; 35.5; -0.0119506; -0.031946; 0.168454; 8.93121; 1.79599; -3.80792
goesser_20_55_; 33; Range; 15; 0.239012; 0.63892; 3.36908; 178.624; 35.9199; 76.1583
goesser_20_55_; 33; Stdev; 3.84057; 0.0520915; 0.139249; 0.734274; 38.9302; 7.82856; 16.5983
goesser_20_55_; 34; Median; 38; 0; 0; 0; 0; -0; 0
goesser_20_55_; 34; Mean; 38.2; 0; 0; 0; 0; 0; 0
goesser_20_55_; 34; Range; 23; 0; 0; 0; 0; 0; 0
goesser_20_55_; 34; Stdev; 5.81034; 0; 0; 0; 0; 0; 0
goesser_20_55_; 35; Median; 34; 0; 0; 0; 0; -0; 0
goesser_20_55_; 35; Mean; 33.65; -0.00274574; -0.0148591; 0.0767375; 7.04887; 3.73818; 5.74876
goesser_20_55_; 35; Range; 20; 0.37143; 0.238971; 1.10219; 101.452; 151.37; 242.317
goesser_20_55_; 35; Stdev; 4.44157; 0.0593032; 0.0529527; 0.253392; 23.3034; 26.4308; 42.0164
goesser_20_55_; 36; Median; 32; 0; 0; 0; 0; -0; 0
goesser_20_55_; 36; Mean; 32.7; 0; 0; 0; 0; 0; 0
goesser_20_55_; 36; Range; 19; 0; 0; 0; 0; 0; 0
goesser_20_55_; 36; Stdev; 4.5618; 0; 0; 0; 0; 0; 0
goesser_20_55_; 37; Median; 33; 0; 0; 0; 0; -0; 0
goesser_20_55_; 37; Mean; 33; -0.012863; -0.0473674; 0.197671; 8.68668; 1.39937; -6.32549
goesser_20_55_; 37; Range; 19; 0.25726; 0.947348; 3.95342; 173.734; 27.9873; 126.51
goesser_20_55_; 37; Stdev; 4.47214; 0.0560685; 0.20647; 0.861627; 37.8644; 6.0997; 27.5722
goesser_20_55_; 38; Median; 30; 0; 0; 0; 0; -0; 0
goesser_20_55_; 38; Mean; 29.85; -0.0044105; -0.00424642; 0.000647877; 4.70627; -7.89488; -7.63594
goesser_20_55_; 38; Range; 14; 0.08821; 0.0849285; 0.0129575; 94.1253; 157.898; 152.719
goesser_20_55_; 38; Stdev; 3.56756; 0.0192249; 0.0185097; 0.00282403; 20.5141; 34.413; 33.2843
goesser_20_55_; 39; Median; 31; 0; 0; 0; 0; -0; 0
goesser_20_55_; 39; Mean; 30.45; 0; 0; 0; 0; 0; 0
goesser_20_55_; 39; Range; 19; 0; 0; 0; 0; 0; 0
goesser_20_55_; 39; Stdev; 4.10457; 0; 0; 0; 0; 0; 0
goesser_20_55_; 40; Median; 31; 0; 0; 0; 0; -0; 0
goesser_20_55_; 40; Mean; 31.8; -0.00647434; -0.0111941; 0.0427697; 4.17315; 1.43575; -3.38896
goesser_20_55_; 40; Range; 17; 0.25994; 0.113041; 0.722416; 56.6514; 16.4102; 73.1732
goesser_20_55_; 40; Stdev; 4.7392; 0.0454585; 0.0335841; 0.158585; 13.379; 4.35589; 15.402
goesser_20_55_; 41; Median; 33; 0; 0; 0; 0; -0; 0
goesser_20_55_; 41; Mean; 32.35; 0.00785216; -0.0115693; 0.05193; 12.3687; 2.55232; 0.347949
goesser_20_55_; 41; Range; 11; 0.108757; 0.302371; 0.809651; 125.817; 32.6538; 22.7396
goesser_20_55_; 41; Stdev; 3.53942; 0.0254229; 0.0590792; 0.180834; 37.1123; 7.98208; 3.7439
goesser_20_55_; 42; Median; 27; 0; 0; 0; 0; -0; 0
goesser_20_55_; 42; Mean; 26.05; 0; 0; 0; 0; 0; 0
goesser_20_55_; 42; Range; 18; 0; 0; 0; 0; 0; 0
goesser_20_55_; 42; Stdev; 4.14095; 0; 0; 0; 0; 0; 0
goesser_20_55_; 43; Median; 23; 0; 0; 0; 0; -0; 0
goesser_20_55_; 43; Mean; 22.45; -0.00257757; -0.0106543; 0.0129546; 1.91568; -7.29266; -5.02705
goesser_20_55_; 43; Range; 18; 0.0515515; 0.213086; 0.259091; 38.3136; 145.853; 100.541
goesser_20_55_; 43; Stdev; 4.00593; 0.0112354; 0.046441; 0.0564676; 8.35026; 31.7879; 21.9124
goesser_20_55_; 44; Median; 24; 0; 0; 0; 0; -0; 0
goesser_20_55_; 44; Mean; 24.25; -0.0124509; -0.0065622; 0.0325129; 7.41449; -1.38088; 5.15261
goesser_20_55_; 44; Range; 11; 0.249018; 0.131244; 0.650258; 148.29; 27.6176; 103.052
goesser_20_55_; 44; Stdev; 3.25384; 0.0542721; 0.028604; 0.14172; 32.319; 6.01911; 22.4597
goesser_20_55_; 45; Median; 26; 0; 0; 0; 0; -0; 0
goesser_20_55_; 45; Mean; 26.35; -0.00165534; 0.00274068; 0.0478109; 4.46777; 0.649344; -4.47326
goesser_20_55_; 45; Range; 13; 0.0331068; 0.0548135; 0.956217; 89.3554; 12.9869; 89.4652
goesser_20_55_; 45; Stdev; 3.16662; 0.00721547; 0.0119463; 0.208403; 19.4746; 2.83043; 19.4985
goesser_20_55_; 46; Median; 23; 0; 0; 0; 0; -0; 0
goesser_20_55_; 46; Mean; 21.3; 8.94165e-05; -0.0140094; 0.0285844; 6.96407; 3.03957; 4.87511
goesser_20_55_; 46; Range; 12; 0.00178833; 0.280188; 0.571688; 139.281; 60.7914; 97.5022
goesser_20_55_; 46; Stdev; 3.53695; 0.000389757; 0.0610655; 0.124597; 30.3557; 13.2492; 21.2501
goesser_20_55_; 47; Median; 23; 0; 0; 0; 0; -0; 0
goesser_20_55_; 47; Mean; 22.6; 0; 0; 0; 0; 0; 0
goesser_20_55_; 47; Range; 16; 0; 0; 0; 0; 0; 0
goesser_20_55_; 47; Stdev; 4.06694; 0; 0; 0; 0; 0; 0
goesser_20_55_; 48; Median; 24; 0; 0; 0; 0; -0; 0
goesser_20_55_; 48; Mean; 23.25; -0.00931326; 0.0158495; 0.04425; 15.2074; 3.17094; -1.93917
goesser_20_55_; 48; Range; 11; 0.19967; 0.286542; 0.484941; 157.046; 54.8589; 72.2871
goesser_20_55_; 48; Stdev; 3.14444; 0.0421585; 0.0624538; 0.133427; 45.6492; 12.0035; 12.8249
goesser_20_55_; 49; Median; 23; 0; 0; 0; 0; -0; 0
goesser_20_55_; 49; Mean; 23.25; 0; 0; 0; 0; 0; 0
goesser_20_55_; 49; Range; 11; 0; 0; 0; 0; 0; 0
goesser_20_55_; 49; Stdev; 3.26917; 0; 0; 0; 0; 0; 0
goesser_20_55_; 50; Median; 19; 0; 0; 0; 0; -0; 0
goesser_20_55_; 50; Mean; 19.15; 0; 0; 0; 0; 0; 0
goesser_20_55_; 50; Range; 15; 0; 0; 0; 0; 0; 0
goesser_20_55_; 50; Stdev; 4.25764; 0; 0; 0; 0; 0; 0
Goesser_25_65_; 1; Median; 45; 0; 0; 0; 0; -0; 0
Goesser_25_65_; 1; Mean; 44.35; -0.00588343; -0.00758534; 0.0250872; 8.53586; 2.82956; 7.25614
Goesser_25_65_; 1; Range; 21; 0.117669; 0.151707; 0.501744; 170.717; 56.5911; 145.123
Goesser_25_65_; 1; Stdev; 5.25619; 0.0256453; 0.0330637; 0.109353; 37.2069; 12.3337; 31.6288
Goesser_25_65_; 2; Median; 45; 0; 0; 0; 0; -0; 0
Goesser_25_65_; 2; Mean; 44.15; -0.00986178; -0.00160299; 0.011196; 6.31078; -8.47223; 7.34347
Goesser_25_65_; 2; Range; 21; 0.197236; 0.0320599; 0.22392; 126.216; 169.445; 146.869
Goesser_25_65_; 2; Stdev; 5.98561; 0.0429865; 0.00698728; 0.0488022; 27.5081; 36.9296; 32.0094
Goesser_25_65_; 3; Median; 51; 0; 0; 0; 0; -0; 0
Goesser_25_65_; 3; Mean; 51; -0.00677997; -0.0125545; 0.0639559; 5.36346; -0.128973; 6.61313
Goesser_25_65_; 3; Range; 20; 0.360897; 0.172106; 1.01927; 86.5172; 259.72; 133.576
Goesser_25_65_; 3; Stdev; 5.0892; 0.0605795; 0.0404392; 0.226343; 19.1579; 41.0671; 28.9769
Goesser_25_65_; 4; Median; 55; 0; 0; 0; 0; -0; 0
Goesser_25_65_; 4; Mean; 53.15; 0.00164487; 0.0976858; 0.349874; 28.7332; -30.6951; 20.658
Goesser_25_65_; 4; Range; 18; 0.31659; 0.367032; 1.08771; 169.488; 282.202; 290.772
Goesser_25_65_; 4; Stdev; 5.54324; 0.0778775; 0.132642; 0.422037; 52.856; 72.8432; 63.0611
Goesser_25_65_; 5; Median; 70; 0; 0.167257; 0.673881; 5.67807; -0; 54.102
Goesser_25_65_; 5; Mean; 68.3; 0.00805387; 0.126892; 0.528594; 19.7808; -5.93255; 51.3382
Goesser_25_65_; 5; Range; 27; 0.280183; 0.348913; 1.09819; 172.508; 352.231; 240.498
Goesser_25_65_; 5; Stdev; 6.86367; 0.0684597; 0.120837; 0.458624; 40.8045; 108.808; 65.1677
Goesser_25_65_; 6; Median; 70; 0.0481635; 0.156667; 1.15223; 9.63061; -156.872; 57.4349
Goesser_25_65_; 6; Mean; 71.2; 0.0148667; 0.16584; 1.1098; 27.9751; -41.2506; 36.2191
Goesser_25_65_; 6; Range; 26; 0.202124; 0.269119; 0.564982; 165.409; 347.382; 308.509
Goesser_25_65_; 6; Stdev; 6.03821; 0.0571176; 0.0735271; 0.110652; 45.1794; 149.073; 79.5088
Goesser_25_65_; 7; Median; 68; 0.0578749; 0.0983626; 1.24901; 9.04519; -157.643; 58.9754
Goesser_25_65_; 7; Mean; 68.8; 0.0358183; 0.117928; 1.22479; 16.9123; -104.165; 61.0261
Goesser_25_65_; 7; Range; 25; 0.171451; 0.159812; 0.408079; 176.651; 337.669; 245.836
Goesser_25_65_; 7; Stdev; 6.55439; 0.0500287; 0.0498742; 0.0971723; 36.9946; 113.01; 46.3021
Goesser_25_65_; 8; Median; 83; 0.0718744; 0.0470853; 1.33671; 6.09533; -158.014; 59.6621
Goesser_25_65_; 8; Mean; 82.55; 0.0684907; 0.045749; 1.33722; 6.27795; -159.274; 59.4895
Goesser_25_65_; 8; Range; 19; 0.0332256; 0.0383808; 0.0586544; 4.91214; 11.7508; 12.0962
Goesser_25_65_; 8; Stdev; 5.56305; 0.00761741; 0.00836324; 0.0159851; 1.16323; 2.70596; 2.63572
Goesser_25_65_; 9; Median; 83; 0.0584598; -0.00242135; 1.44653; 6.68835; -159.667; 59.3701
Goesser_25_65_; 9; Mean; 81.7; 0.0528219; 0.000405508; 1.44447; 6.30832; -144.093; 60.9707
Goesser_25_65_; 9; Range; 22; 0.130468; 0.14835; 0.178123; 6.54511; 323.55; 54.5927
Goesser_25_65_; 9; Stdev; 6.55057; 0.0251503; 0.0286769; 0.0336382; 1.47277; 68.9969; 10.4519
Goesser_25_65_; 10; Median; 62; 0.06447; -0.0648553; 1.56026; 7.41564; -159.423; 59.0319
Goesser_25_65_; 10; Mean; 64.45; 0.0649753; -0.0658552; 1.55535; 7.14885; -159.626; 58.6068
Goesser_25_65_; 10; Range; 21; 0.0188874; 0.0210324; 0.084636; 2.86432; 6.22864; 6.20676
Goesser_25_65_; 10; Stdev; 5.34299; 0.00462802; 0.00527034; 0.0185956; 0.748107; 1.54143; 1.80864
Goesser_25_65_; 11; Median; 47; 0.108559; -0.115257; 1.67326; 7.27755; -160.148; 60.2721
Goesser_25_65_; 11; Mean; 47.85; 0.10408; -0.118353; 1.65154; 6.87454; -161.509; 59.4296
Goesser_25_65_; 11; Range; 19; 0.070789; 0.0474776; 0.0996223; 6.98108; 22.9978; 13.2101
Goesser_25_65_; 11; Stdev; 5.43392; 0.0162303; 0.0135866; 0.0358758; 2.15524; 5.21777; 3.76766
Goesser_25_65_; 12; Median; 40; 0.0753192; -0.162414; 1.72351; 7.33449; -159.839; 58.9503
Goesser_25_65_; 12; Mean; 39.05; 0.0725983; -0.167487; 1.73357; 7.31036; -160.769; 58.7995
Goesser_25_65_; 12; Range; 18; 0.0314465; 0.0492944; 0.219135; 11.7188; 11.333; 10.4481
Goesser_25_65_; 12; Stdev; 4.64193; 0.00792406; 0.0109148; 0.0451125; 2.25716; 2.80117; 2.33264
Goesser_25_65_; 13; Median; 40; 0.0377227; -0.193264; 1.78403; 9.02915; -159.564; 58.2959
Goesser_25_65_; 13; Mean; 39.15; 0.0199963; -0.175898; 1.77384; 8.41302; -95.1307; 65.961
Goesser_25_65_; 13; Range; 26; 0.118189; 0.169513; 0.165833; 15.3511; 342.773; 67.8891
Goesser_25_65_; 13; Stdev; 5.65928; 0.0391212; 0.0527059; 0.0391243; 3.59521; 130.373; 21.2035
Goesser_25_65_; 14; Median; 32; 0.053876; -0.243869; 1.87135; 7.128; -159.793; 59.8847
Goesser_25_65_; 14; Mean; 30.9; 0.0383775; -0.231389; 1.86093; 15.8976; -120.952; 57.2318
Goesser_25_65_; 14; Range; 12; 0.182395; 0.168875; 0.381633; 176.985; 317.945; 180.419
Goesser_25_65_; 14; Stdev; 2.91376; 0.0456287; 0.0472882; 0.098396; 37.4875; 97.1085; 33.4109
Goesser_25_65_; 15; Median; 29; 0.049059; -0.266136; 1.94616; 9.83936; -153.88; 56.4677
Goesser_25_65_; 15; Mean; 29.85; 0.0471678; -0.256776; 1.80833; 25.7623; -120.306; 45.0569
Goesser_25_65_; 15; Range; 16; 0.178348; 0.308086; 2.03459; 176.111; 237.923; 219.382
Goesser_25_65_; 15; Stdev; 3.91504; 0.0342172; 0.0643495; 0.443923; 49.9654; 67.0596; 52.2746
Goesser_25_65_; 16; Median; 25; 0.00164359; -0.323516; 1.99499; 9.08959; -152.448; 56.4231
Goesser_25_65_; 16; Mean; 24.7; -0.0215038; -0.27317; 1.76874; 24.2969; -61.4158; 41.8941
Goesser_25_65_; 16; Range; 12; 0.249622; 0.390033; 2.35571; 178.703; 332.409; 248.058
Goesser_25_65_; 16; Stdev; 3.66197; 0.0591806; 0.109984; 0.639393; 51.2293; 127.466; 61.5154
Goesser_25_65_; 17; Median; 21; 0.0230302; -0.348197; 2.03799; 7.78275; -154.587; 52.098
Goesser_25_65_; 17; Mean; 20.25; 0.00790068; -0.298243; 1.70835; 24.1769; -68.2006; 40.2933
Goesser_25_65_; 17; Range; 10; 0.197084; 0.510144; 2.33024; 177.752; 347.796; 197.954
Goesser_25_65_; 17; Stdev; 3.23844; 0.0525288; 0.140407; 0.770776; 50.7252; 117.758; 49.5486
Goesser_25_65_; 18; Median; 21; 0.00322936; -0.36023; 2.16827; 8.07506; -14.6671; 50.0998
Goesser_25_65_; 18; Mean; 20.35; 0.00298651; -0.282698; 1.55666; 33.4505; -57.8906; 24.52
Goesser_25_65_; 18; Range; 15; 0.194796; 0.64316; 2.79175; 178.102; 342.198; 179.928
Goesser_25_65_; 18; Stdev; 4.01591; 0.0492807; 0.213117; 1.06399; 60.1991; 105.232; 46.8193
Goesser_25_65_; 19; Median; 20; 0; 0; 1.80203; 2.27027; -0; 0
Goesser_25_65_; 19; Mean; 19.7; -0.0163723; -0.21793; 1.0993; 19.4412; -42.749; 25.5493
Goesser_25_65_; 19; Range; 14; 0.364217; 0.545036; 2.44766; 178.053; 317.655; 242.093
Goesser_25_65_; 19; Stdev; 3.93827; 0.0702129; 0.227342; 1.10944; 41.4857; 87.6954; 48.6768
Goesser_25_65_; 20; Median; 22; 0; 0; 0; 0; -0; 0
Goesser_25_65_; 20; Mean; 22.95; 0.0286321; -0.176355; 0.781621; 19.191; -27.4575; 6.74099
Goesser_25_65_; 20; Range; 12; 0.258264; 0.691352; 2.7585; 178.423; 313.341; 253.769
Goesser_25_65_; 20; Stdev; 3.91759; 0.0598498; 0.250436; 1.06422; 44.9326; 81.3912; 46.0815
Goesser_25_65_; 21; Median; 18; 0; -0.134378; 1.96631; 12.5914; -0; 0
Goesser_25_65_; 21; Mean; 17.9; 0.012779; -0.275802; 1.19759; 44.5833; -20.2251; -6.60648
Goesser_25_65_; 21; Range; 11; 0.271233; 0.637596; 2.83711; 179.489; 297.767; 231.132
Goesser_25_65_; 21; Stdev; 3.1607; 0.0683946; 0.270907; 1.1858; 68.2689; 85.7906; 56.0377
Goesser_25_65_; 22; Median; 17; 0; 0; 0; 0; -0; 0
Goesser_25_65_; 22; Mean; 17.55; 0.0242917; -0.0788106; 0.256342; 9.02289; -16.0449; -10.1115
Goesser_25_65_; 22; Range; 14; 0.237996; 0.644008; 2.55938; 81.8589; 274.005; 153.909
Goesser_25_65_; 22; Stdev; 2.94066; 0.0606338; 0.177401; 0.682249; 22.8636; 58.9963; 34.7228
Goesser_25_65_; 23; Median; 22; 0; 0; 0; 0; -0; 0
Goesser_25_65_; 23; Mean; 21.45; 0; 0; 0; 0; 0; 0
Goesser_25_65_; 23; Range; 14; 0; 0; 0; 0; 0; 0
Goesser_25_65_; 23; Stdev; 3.69425; 0; 0; 0; 0; 0; 0
Goesser_25_65_; 24; Median; 25; 0; 0; 0; 0; -0; 0
Goesser_25_65_; 24; Mean; 25.4; 0; 0; 0; 0; 0; 0
Goesser_25_65_; 24; Range; 16; 0; 0; 0; 0; 0; 0
Goesser_25_65_; 24; Stdev; 4.53211; 0; 0; 0; 0; 0; 0
Goesser_25_65_; 25; Median; 24; 0; 0; 0; 0; -0; 0
Goesser_25_65_; 25; Mean; 24.6; -0.000798274; -0.0143639; 0.0124205; 0.950008; -7.72591; -5.07147
Goesser_25_65_; 25; Range; 14; 0.0159655; 0.287278; 0.248409; 19.0002; 154.518; 101.429
Goesser_25_65_; 25; Stdev; 3.55528; 0.0034796; 0.0626108; 0.0541395; 4.14099; 33.6765; 22.106
Goesser_25_65_; 26; Median; 24; 0; 0; 0; 0; -0; 0
Goesser_25_65_; 26; Mean; 24.85; 0; 0; 0; 0; 0; 0
Goesser_25_65_; 26; Range; 18; 0; 0; 0; 0; 0; 0
Goesser_25_65_; 26; Stdev; 4.4975; 0; 0; 0; 0; 0; 0
Goesser_25_65_; 27; Median; 27; 0; 0; 0; 0; -0; 0
Goesser_25_65_; 27; Mean; 25.95; 0.0190315; 0.0065305; 0.0108906; 7.76023; 2.95822; -1.69822
Goesser_25_65_; 27; Range; 14; 0.38063; 0.13061; 0.217812; 155.205; 59.1644; 33.9644
Goesser_25_65_; 27; Stdev; 3.5139; 0.0829564; 0.0284658; 0.0474711; 33.8261; 12.8946; 7.40238
Goesser_25_65_; 28; Median; 25; 0; 0; 0; 0; -0; 0
Goesser_25_65_; 28; Mean; 24.9; 0; 0; 0; 0; 0; 0
Goesser_25_65_; 28; Range; 13; 0; 0; 0; 0; 0; 0
Goesser_25_65_; 28; Stdev; 3.6318; 0; 0; 0; 0; 0; 0
Goesser_25_65_; 29; Median; 27; 0; 0; 0; 0; -0; 0
Goesser_25_65_; 29; Mean; 25.45; -0.00332508; -0.00553017; 0.0332372; 5.19586; 0.558789; 5.37791
Goesser_25_65_; 29; Range; 12; 0.0665016; 0.110603; 0.664743; 103.917; 11.1758; 107.558
Goesser_25_65_; 29; Stdev; 3.39816; 0.0144937; 0.0241054; 0.144877; 22.6482; 2.4357; 23.4418
Goesser_25_65_; 30; Median; 20; 0; 0; 0; 0; -0; 0
Goesser_25_65_; 30; Mean; 20.9; -0.0170051; -0.0145948; 0.0367959; 6.0657; 9.18575; 5.52889
Goesser_25_65_; 30; Range; 14; 0.173714; 0.242648; 0.452127; 61.6883; 115.004; 67.7752
Goesser_25_65_; 30; Stdev; 4.22966; 0.0510285; 0.0534057; 0.113551; 18.2; 28.5127; 17.0502
Goesser_25_65_; 31; Median; 21; 0; 0; 0; 0; -0; 0
Goesser_25_65_; 31; Mean; 20.15; 0.00397787; -0.0116151; 0.0522167; 9.82245; 4.80722; -4.40832
Goesser_25_65_; 31; Range; 10; 0.0501854; 0.418814; 0.870314; 159.796; 80.758; 66.2835
Goesser_25_65_; 31; Stdev; 2.6884; 0.0123791; 0.0748286; 0.191468; 35.3189; 17.7432; 14.9728
Goesser_25_65_; 32; Median; 19; 0; 0; 0; 0; -0; 0
Goesser_25_65_; 32; Mean; 19.6; 0.00166738; -0.0572892; 0.172197; 0.808255; -8.02856; 2.28104
Goesser_25_65_; 32; Range; 15; 0.0333476; 1.14578; 3.44393; 16.1651; 160.571; 45.6207
Goesser_25_65_; 32; Stdev; 3.70675; 0.00726795; 0.249718; 0.750588; 3.5231; 34.9957; 9.94281
Goesser_25_65_; 33; Median; 18; 0; 0; 0; 0; -0; 0
Goesser_25_65_; 33; Mean; 18.7; -0.0068538; -0.00655731; 0.0163182; 4.67192; -8.3383; -8.24036
Goesser_25_65_; 33; Range; 8; 0.137076; 0.131146; 0.326364; 93.4385; 166.766; 164.807
Goesser_25_65_; 33; Stdev; 2.34734; 0.029875; 0.0285827; 0.0711295; 20.3644; 36.3458; 35.9189
Goesser_25_65_; 34; Median; 14; 0; 0; 0; 0; -0; 0
Goesser_25_65_; 34; Mean; 14.2; 0; 0; 0; 0; 0; 0
Goesser_25_65_; 34; Range; 9; 0; 0; 0; 0; 0; 0
Goesser_25_65_; 34; Stdev; 2.27156; 0; 0; 0; 0; 0; 0
Goesser_25_65_; 35; Median; 13; 0; 0; 0; 0; -0; 0
Goesser_25_65_; 35; Mean; 12.2; 0.00674713; -0.000375862; 0.0290066; 3.40293; 6.84816; -6.05014
Goesser_25_65_; 35; Range; 7; 0.134943; 0.00751723; 0.580133; 68.0587; 136.963; 121.003
Goesser_25_65_; 35; Stdev; 1.77764; 0.02941; 0.00163834; 0.126437; 14.833; 29.8505; 26.3719
Goesser_25_65_; 36; Median; 13; 0; 0; 0; 0; -0; 0
Goesser_25_65_; 36; Mean; 12.45; 0; 0; 0; 0; 0; 0
Goesser_25_65_; 36; Range; 11; 0; 0; 0; 0; 0; 0
Goesser_25_65_; 36; Stdev; 2.95762; 0; 0; 0; 0; 0; 0
Goesser_25_65_; 37; Median; 12; 0; 0; 0; 0; -0; 0
Goesser_25_65_; 37; Mean; 11.35; 0.025884; 0.000378225; 0.0361415; 5.00605; 1.8062; -5.50841
Goesser_25_65_; 37; Range; 8; 0.302765; 0.300505; 0.448934; 98.0417; 173.54; 108.354
Goesser_25_65_; 37; Stdev; 2.41402; 0.0788846; 0.0475275; 0.111901; 21.3486; 27.969; 23.5977
Goesser_25_65_; 38; Median; 14; 0; 0; 0; 0; -0; 0
Goesser_25_65_; 38; Mean; 13.3; 0; 0; 0; 0; 0; 0
Goesser_25_65_; 38; Range; 10; 0; 0; 0; 0; 0; 0
Goesser_25_65_; 38; Stdev; 2.49199; 0; 0; 0; 0; 0; 0
Goesser_25_65_; 39; Median; 11; 0; 0; 0; 0; -0; 0
Goesser_25_65_; 39; Mean; 11.15; 0.00761658; -0.0173777; 0.0603181; 1.68019; 1.16149; -4.14751
Goesser_25_65_; 39; Range; 8; 0.152332; 0.347554; 1.20636; 33.6037; 23.2298; 82.9502
Goesser_25_65_; 39; Stdev; 2.4551; 0.0331999; 0.0757477; 0.26292; 7.32376; 5.06282; 18.0786
Goesser_25_65_; 40; Median; 13; 0; 0; 0; 0; -0; 0
Goesser_25_65_; 40; Mean; 12.3; 0; 0; 0; 0; 0; 0
Goesser_25_65_; 40; Range; 9; 0; 0; 0; 0; 0; 0
Goesser_25_65_; 40; Stdev; 2.34734; 0; 0; 0; 0; 0; 0
Goesser_25_65_; 41; Median; 12; 0; 0; 0; 0; -0; 0
Goesser_25_65_; 41; Mean; 11.6; 0; 0; 0; 0; 0; 0
Goesser_25_65_; 41; Range; 12; 0; 0; 0; 0; 0; 0
Goesser_25_65_; 41; Stdev; 2.97321; 0; 0; 0; 0; 0; 0
Goesser_25_65_; 42; Median; 13; 0; 0; 0; 0; -0; 0
Goesser_25_65_; 42; Mean; 13.3; 0; 0; 0; 0; 0; 0
Goesser_25_65_; 42; Range; 14; 0; 0; 0; 0; 0; 0
Goesser_25_65_; 42; Stdev; 3.31813; 0; 0; 0; 0; 0; 0
Goesser_25_65_; 43; Median; 12; 0; 0; 0; 0; -0; 0
Goesser_25_65_; 43; Mean; 11.25; 0; 0; 0; 0; 0; 0
Goesser_25_65_; 43; Range; 8; 0; 0; 0; 0; 0; 0
Goesser_25_65_; 43; Stdev; 1.92029; 0; 0; 0; 0; 0; 0
Goesser_25_65_; 44; Median; 15; 0; 0; 0; 0; -0; 0
Goesser_25_65_; 44; Mean; 14.3; -0.00768724; -0.0181993; 0.0549986; 1.87132; -5.82874; -2.84204
Goesser_25_65_; 44; Range; 10; 0.354599; 0.197545; 0.694275; 31.1198; 109.918; 74.0308
Goesser_25_65_; 44; Stdev; 3.17962; 0.0606247; 0.0548189; 0.171189; 6.84902; 23.9237; 14.4813
Goesser_25_65_; 45; Median; 14; 0; 0; 0; 0; -0; 0
Goesser_25_65_; 45; Mean; 13.8; -0.020069; -0.00665083; 0.0944051; 4.55496; 10.3797; -5.93136
Goesser_25_65_; 45; Range; 11; 0.148105; 0.486011; 0.685839; 33.2597; 239.928; 143.368
Goesser_25_65_; 45; Stdev; 2.71293; 0.0483979; 0.0901228; 0.225261; 10.9551; 50.2871; 29.7296
Goesser_25_65_; 46; Median; 14; 0; 0; 0; 0; -0; 0
Goesser_25_65_; 46; Mean; 14.25; 0; 0; 0; 0; 0; 0
Goesser_25_65_; 46; Range; 14; 0; 0; 0; 0; 0; 0
Goesser_25_65_; 46; Stdev; 3.08018; 0; 0; 0; 0; 0; 0
Goesser_25_65_; 47; Median; 14; 0; 0; 0; 0; -0; 0
Goesser_25_65_; 47; Mean; 13.35; 0; 0; 0; 0; 0; 0
Goesser_25_65_; 47; Range; 11; 0; 0; 0; 0; 0; 0
Goesser_25_65_; 47; Stdev; 2.4551; 0; 0; 0; 0; 0; 0
Goesser_25_65_; 48; Median; 15; 0; 0; 0; 0; -0; 0
Goesser_25_65_; 48; Mean; 15.15; 0.00784954; -0.000410063; 0.010975; 5.29084; 7.89319; -0.0391535
Goesser_25_65_; 48; Range; 11; 0.156991; 0.00820127; 0.2195; 105.817; 157.864; 0.78307
Goesser_25_65_; 48; Stdev; 2.98789; 0.0342154; 0.00178743; 0.047839; 23.0622; 34.4056; 0.170666
Goesser_35_88_; 1; Median; 33; 0; 0; 0.384772; 6.5697; -0; 0
Goesser_35_88_; 1; Mean; 31.7; 0.0191668; 0.0527394; 0.389136; 51.3912; -1.33547; -2.94395
Goesser_35_88_; 1; Range; 13; 0.528279; 0.618939; 1.20373; 173.615; 302.607; 301.337
Goesser_35_88_; 1; Stdev; 3.64829; 0.137192; 0.187842; 0.433973; 66.8925; 75.4883; 77.5017
Goesser_35_88_; 2; Median; 30; 0; 0; 0; 0; -0; 0
Goesser_35_88_; 2; Mean; 30; -0.0144975; 0.0189053; 0.229573; 36.4436; -7.72543; 10.998
Goesser_35_88_; 2; Range; 19; 0.508758; 0.550553; 1.13634; 165.89; 196.179; 210.379
Goesser_35_88_; 2; Stdev; 4.19524; 0.101741; 0.120101; 0.38231; 62.2883; 39.3456; 46.5455
Goesser_35_88_; 3; Median; 40; 0; 0; 0.315601; 9.88299; -0; 0
Goesser_35_88_; 3; Mean; 41.25; 0.0054371; 0.0584658; 0.51591; 23.3786; -38.2677; 17.5328
Goesser_35_88_; 3; Range; 21; 0.446241; 0.562093; 3.08258; 158.769; 322.84; 216.618
Goesser_35_88_; 3; Stdev; 5.58458; 0.104374; 0.183182; 0.721557; 39.9315; 81.8326; 54.6275
Goesser_35_88_; 4; Median; 54; 0.0847819; 0.230544; 0.963581; 10.5129; -48.4164; 49.2342
Goesser_35_88_; 4; Mean; 56.5; 0.0580853; 0.143599; 0.690424; 12.3625; -67.4436; 32.6985
Goesser_35_88_; 4; Range; 27; 0.433208; 0.59432; 1.17128; 57.7655; 349.648; 263.703
Goesser_35_88_; 4; Stdev; 6.88113; 0.0897501; 0.145961; 0.514037; 16.0035; 103.259; 50.8575
Goesser_35_88_; 5; Median; 64; 0.130958; 0.168994; 1.21227; 11.0712; -160.127; 50.239
Goesser_35_88_; 5; Mean; 62.95; 0.119133; 0.185512; 1.20499; 10.9343; -128.132; 58.5034
Goesser_35_88_; 5; Range; 22; 0.131403; 0.215959; 0.184733; 11.3149; 343.12; 109.882
Goesser_35_88_; 5; Stdev; 5.27707; 0.0307778; 0.0562774; 0.0353395; 2.42978; 98.6339; 27.3083
Goesser_35_88_; 6; Median; 71; 0.149886; 0.0957453; 1.29998; 12.6445; -157.902; 50.3
Goesser_35_88_; 6; Mean; 69.9; 0.143805; 0.10237; 1.29026; 12.3462; -142.147; 53.0626
Goesser_35_88_; 6; Range; 30; 0.139807; 0.226985; 0.218728; 8.71718; 331.015; 106.618
Goesser_35_88_; 6; Stdev; 6.40234; 0.0266389; 0.0409392; 0.0427837; 2.29817; 71.1141; 20.8521
Goesser_35_88_; 7; Median; 68; 0.155139; 0.0396554; 1.39678; 11.3745; -158.299; 50.0256
Goesser_35_88_; 7; Mean; 68.5; 0.152797; 0.0375658; 1.39069; 11.2951; -159.402; 49.6997
Goesser_35_88_; 7; Range; 24; 0.0305929; 0.0324103; 0.109257; 5.95817; 12.4535; 7.45569
Goesser_35_88_; 7; Stdev; 5.76628; 0.007807; 0.00666212; 0.0254313; 1.48792; 2.95783; 1.65132
Goesser_35_88_; 8; Median; 77; 0.110701; 0.00419457; 1.44224; 11.0236; -161.699; 50.8057
Goesser_35_88_; 8; Mean; 76.2; 0.110987; 0.00428717; 1.43846; 11.1522; -161.073; 50.5421
Goesser_35_88_; 8; Range; 21; 0.0218847; 0.027092; 0.083836; 4.28414; 7.89315; 7.69499
Goesser_35_88_; 8; Stdev; 5.29717; 0.00576832; 0.00587525; 0.0191715; 1.14519; 2.05677; 1.62493
Goesser_35_88_; 9; Median; 62; 0.111156; -0.0637996; 1.52333; 11.3165; -161.398; 49.5071
Goesser_35_88_; 9; Mean; 62.55; 0.109754; -0.0666789; 1.52213; 11.4508; -161.862; 49.6798
Goesser_35_88_; 9; Range; 28; 0.0487078; 0.036801; 0.0988945; 5.60514; 15.6732; 11.5519
Goesser_35_88_; 9; Stdev; 6.4302; 0.0124877; 0.00828045; 0.0226687; 1.62572; 4.27852; 2.463
Goesser_35_88_; 10; Median; 49; 0.0733127; -0.115534; 1.59137; 10.7483; -161.766; 51.6462
Goesser_35_88_; 10; Mean; 48.55; 0.0738029; -0.117588; 1.59488; 10.8488; -161.69; 51.5384
Goesser_35_88_; 10; Range; 19; 0.0269959; 0.0260889; 0.103003; 3.24768; 8.29528; 5.75974
Goesser_35_88_; 10; Stdev; 4.52189; 0.00583436; 0.00621784; 0.0230438; 0.887267; 1.87288; 1.53339
Goesser_35_88_; 11; Median; 35; 0.118314; -0.19289; 1.67957; 12.0745; -161.923; 50.9512
Goesser_35_88_; 11; Mean; 34.15; 0.115893; -0.200072; 1.67986; 16.1614; -151.785; 38.5209
Goesser_35_88_; 11; Range; 12; 0.0687785; 0.0589246; 0.0818241; 90.8863; 215.95; 235.808
Goesser_35_88_; 11; Stdev; 3.65068; 0.0137807; 0.0164225; 0.0188415; 19.2621; 46.2833; 50.2004
Goesser_35_88_; 12; Median; 28; 0.120068; -0.233396; 1.7676; 11.5614; -159.143; 58.1
Goesser_35_88_; 12; Mean; 27.35; 0.112513; -0.215806; 1.69489; 18.7287; -123.354; 55.8352
Goesser_35_88_; 12; Range; 16; 0.240868; 0.273012; 0.913797; 155.225; 332.936; 241.601
Goesser_35_88_; 12; Stdev; 3.87653; 0.0500052; 0.0656042; 0.208566; 32.1875; 95.6445; 43.8988
Goesser_35_88_; 13; Median; 23; 0.0948736; -0.232801; 1.79742; 12.589; -124.681; 56.2455
Goesser_35_88_; 13; Mean; 23.2; 0.0657123; -0.23774; 1.65777; 32.7222; -48.375; 38.7535
Goesser_35_88_; 13; Range; 13; 0.274998; 0.34804; 2.04992; 168.517; 346.471; 291.745
Goesser_35_88_; 13; Stdev; 3.31059; 0.0741365; 0.0792226; 0.434356; 51.31; 122.371; 77.7139
Goesser_35_88_; 14; Median; 19; 0.0967419; -0.333701; 1.8431; 13.5363; -139.718; 52.8863
Goesser_35_88_; 14; Mean; 18.45; 0.0646942; -0.281231; 1.57514; 36.4483; -58.1132; 27.7187
Goesser_35_88_; 14; Range; 12; 0.188286; 0.492865; 2.25757; 178.641; 343.054; 233.185
Goesser_35_88_; 14; Stdev; 2.80134; 0.0631725; 0.136229; 0.673897; 59.6096; 115.123; 65.408
Goesser_35_88_; 15; Median; 16; 0; 0; 0; 0; -0; 0
Goesser_35_88_; 15; Mean; 15.55; 0.0127424; -0.120996; 0.629818; 25.2626; 10.337; 2.57219
Goesser_35_88_; 15; Range; 11; 0.23518; 0.439523; 1.96171; 178.356; 327.385; 317.599
Goesser_35_88_; 15; Stdev; 3.15397; 0.0557757; 0.16597; 0.799848; 50.5084; 72.0322; 66.3138
Goesser_35_88_; 16; Median; 14; 0; 0; 0; 0; -0; 0
Goesser_35_88_; 16; Mean; 13.55; -0.00780419; -0.171663; 0.708948; 28.9025; -18.6116; -0.246859
Goesser_35_88_; 16; Range; 10; 0.214945; 0.616609; 2.45828; 176.188; 346.725; 302.916
Goesser_35_88_; 16; Stdev; 2.65471; 0.0507517; 0.242416; 0.966027; 56.1349; 79.9978; 65.5868
Goesser_35_88_; 17; Median; 13; 0; 0; 0; 0; -0; 0
Goesser_35_88_; 17; Mean; 13; -0.00132121; -0.162708; 0.582786; 34.1939; 0.676393; -8.37321
Goesser_35_88_; 17; Range; 8; 0.14746; 0.661115; 2.26278; 177.247; 329.896; 313.409
Goesser_35_88_; 17; Stdev; 2.32379; 0.028927; 0.241129; 0.871938; 63.1494; 65.8811; 62.4888
Goesser_35_88_; 18; Median; 14; 0; 0; 0; 0; -0; 0
Goesser_35_88_; 18; Mean; 14.25; 0.0213013; -0.258269; 0.847585; 23.8934; 0.591928; 5.11987
Goesser_35_88_; 18; Range; 11; 0.258804; 1.59105; 4.73079; 167.679; 342.946; 268.009
Goesser_35_88_; 18; Stdev; 3.20741; 0.0643947; 0.451962; 1.39404; 48.1429; 76.395; 55.0444
Goesser_35_88_; 19; Median; 13; 0; 0; 0; 0; -0; 0
Goesser_35_88_; 19; Mean; 13.2; 0.0238; -0.136823; 0.478717; 34.1665; 24.881; -11.317
Goesser_35_88_; 19; Range; 13; 0.16417; 0.657297; 2.56828; 179.364; 157.259; 98.2956
Goesser_35_88_; 19; Stdev; 3.2187; 0.0471054; 0.237617; 0.786936; 65.7784; 48.1448; 24.6046
Goesser_35_88_; 20; Median; 11; 0; 0; 0; 0; -0; 0
Goesser_35_88_; 20; Mean; 10.45; 0.00870169; -0.0356685; 0.109247; 0.725187; -7.86513; 2.29749
Goesser_35_88_; 20; Range; 8; 0.174034; 0.71337; 2.18495; 14.5037; 157.303; 45.9497
Goesser_35_88_; 20; Stdev; 2.33399; 0.0379298; 0.155475; 0.476199; 3.16102; 34.2833; 10.0145
Goesser_35_88_; 21; Median; 5; 0; 0; 0; 0; -0; 0
Goesser_35_88_; 21; Mean; 5.25; 0; 0; 0; 0; 0; 0
Goesser_35_88_; 21; Range; 8; 0; 0; 0; 0; 0; 0
Goesser_35_88_; 21; Stdev; 1.84052; 0; 0; 0; 0; 0; 0
Goesser_35_88_; 22; Median; 9; 0; 0; 0; 0; -0; 0
Goesser_35_88_; 22; Mean; 8.8; 0; 0; 0; 0; 0; 0
Goesser_35_88_; 22; Range; 6; 0; 0; 0; 0; 0; 0
Goesser_35_88_; 22; Stdev; 2.01494; 0; 0; 0; 0; 0; 0
Goesser_35_88_; 23; Median; 15; 0; 0; 0; 0; -0; 0
Goesser_35_88_; 23; Mean; 14.9; 0.0229075; 0.00394789; 0.0143901; 3.15299; 6.65293; -6.59643
Goesser_35_88_; 23; Range; 10; 0.458151; 0.0789578; 0.287801; 63.0597; 133.059; 131.929
Goesser_35_88_; 23; Stdev; 2.5865; 0.0998516; 0.0172085; 0.0627249; 13.7435; 28.9995; 28.7532
Goesser_35_88_; 24; Median; 17; 0; 0; 0; 0; -0; 0
Goesser_35_88_; 24; Mean; 15.3; -0.00385343; 0.00327552; 0.0360219; 6.31473; 8.72819; 6.11761
Goesser_35_88_; 24; Range; 12; 0.0641214; 0.505925; 0.41338; 110.968; 116.859; 93.2121
Goesser_35_88_; 24; Stdev; 3.08383; 0.0141107; 0.080595; 0.109365; 24.2398; 27.8049; 20.9632
Goesser_35_88_; 25; Median; 17; 0; 0; 0; 0; -0; 0
Goesser_35_88_; 25; Mean; 16.9; 0; 0; 0; 0; 0; 0
Goesser_35_88_; 25; Range; 10; 0; 0; 0; 0; 0; 0
Goesser_35_88_; 25; Stdev; 2.77308; 0; 0; 0; 0; 0; 0
Goesser_35_88_; 26; Median; 17; 0; 0; 0; 0; -0; 0
Goesser_35_88_; 26; Mean; 16.8; 0.0118796; -0.0269154; 0.0466502; 15.6873; -13.6981; 8.24621
Goesser_35_88_; 26; Range; 10; 0.560321; 0.348807; 0.488168; 151.872; 116.498; 307.592
Goesser_35_88_; 26; Stdev; 2.61916; 0.0939718; 0.0813859; 0.125014; 41.4748; 33.7064; 58.3087
Goesser_35_88_; 27; Median; 21; 0; 0; 0; 0; -0; 0
Goesser_35_88_; 27; Mean; 20.4; 0; 0; 0; 0; 0; 0
Goesser_35_88_; 27; Range; 12; 0; 0; 0; 0; 0; 0
Goesser_35_88_; 27; Stdev; 2.61534; 0; 0; 0; 0; 0; 0
Goesser_35_88_; 28; Median; 19; 0; 0; 0; 0; -0; 0
Goesser_35_88_; 28; Mean; 19.05; 0.00385888; -0.0124418; 0.0429696; 7.36267; -11.3475; 0.865413
Goesser_35_88_; 28; Range; 11; 0.431586; 0.171646; 0.475482; 141.902; 117.003; 74.1451
Goesser_35_88_; 28; Stdev; 3.0899; 0.0692147; 0.0402024; 0.129719; 30.8875; 34.0608; 12.0074
Goesser_45_109_; 1; Median; 42; 0; 0; 0.636921; 11.2504; -0; 28.0153
Goesser_45_109_; 1; Mean; 43.25; 0.0155682; 0.0601375; 0.629668; 25.0761; -17.4672; 18.3198
Goesser_45_109_; 1; Range; 16; 0.456838; 0.621951; 1.43712; 158.8; 349.954; 199.138
Goesser_45_109_; 1; Stdev; 4.50416; 0.103351; 0.19374; 0.563596; 45.1252; 111.862; 44.836
Goesser_45_109_; 2; Median; 45; 0.0900071; 0.282691; 1.09769; 11.9217; -66.0455; 37.2364
Goesser_45_109_; 2; Mean; 43.95; 0.0848405; 0.201235; 0.817011; 21.6906; -45.4286; 19.0558
Goesser_45_109_; 2; Range; 17; 0.790832; 0.387987; 1.27724; 127.373; 328.405; 105.498
Goesser_45_109_; 2; Stdev; 4.75894; 0.1731; 0.134807; 0.483403; 28.7294; 111.314; 27.3525
Goesser_45_109_; 3; Median; 59; 0.110004; 0.22825; 1.27386; 12.0049; -157.783; 39.3079
Goesser_45_109_; 3; Mean; 57.95; 0.106965; 0.227849; 1.27222; 11.7405; -159.258; 39.7703
Goesser_45_109_; 3; Range; 23; 0.0376129; 0.0192686; 0.0745361; 3.29214; 10.7284; 8.27085
Goesser_45_109_; 3; Stdev; 6.02059; 0.00876117; 0.004466; 0.0159913; 0.841079; 2.84673; 2.01867
Goesser_45_109_; 4; Median; 63; 0.141504; 0.148286; 1.34759; 13.1161; -160.54; 38.7765
Goesser_45_109_; 4; Mean; 62.8; 0.140125; 0.148676; 1.35195; 13.2337; -160.581; 38.8451
Goesser_45_109_; 4; Range; 23; 0.0335737; 0.0263878; 0.0711127; 3.09465; 11.5925; 5.64868
Goesser_45_109_; 4; Stdev; 5.50091; 0.0086807; 0.00602847; 0.0151563; 0.684747; 3.0467; 1.23382
Goesser_45_109_; 5; Median; 72; 0.154665; 0.0637064; 1.43361; 12.9686; -159.863; 37.7419
Goesser_45_109_; 5; Mean; 71.55; 0.148688; 0.0740399; 1.42041; 12.7967; -143.537; 43.0754
Goesser_45_109_; 5; Range; 21; 0.10845; 0.21711; 0.252114; 5.17665; 344.093; 107.622
Goesser_45_109_; 5; Stdev; 5.09387; 0.0221986; 0.0459854; 0.0528248; 1.12775; 74.1026; 23.1456
Goesser_45_109_; 6; Median; 100; 0.109535; 0.0450449; 1.45514; 12.7095; -160.498; 38.4219
Goesser_45_109_; 6; Mean; 99.05; 0.110686; 0.0457153; 1.45389; 12.8652; -160.089; 38.5004
Goesser_45_109_; 6; Range; 16; 0.0237907; 0.0234544; 0.0718601; 1.87286; 8.47234; 4.33849
Goesser_45_109_; 6; Stdev; 3.87911; 0.0049927; 0.00464484; 0.0137437; 0.508425; 1.62255; 0.831247
Goesser_45_109_; 7; Median; 65; 0.158108; -0.0492705; 1.53893; 13.5296; -159.669; 37.7709
Goesser_45_109_; 7; Mean; 63.95; 0.157883; -0.0478851; 1.54622; 13.1472; -159.712; 38.2624
Goesser_45_109_; 7; Range; 22; 0.0333804; 0.0380024; 0.186221; 9.49808; 14.8102; 13.8613
Goesser_45_109_; 7; Stdev; 5.72254; 0.00717328; 0.00828318; 0.0374327; 2.10115; 2.93851; 3.12676
Goesser_45_109_; 8; Median; 50; 0.149653; -0.127315; 1.61252; 13.3117; -160.561; 38.0199
Goesser_45_109_; 8; Mean; 50.95; 0.149109; -0.12601; 1.60646; 13.5449; -160.416; 38.3769
Goesser_45_109_; 8; Range; 14; 0.0352726; 0.0501113; 0.134208; 10.4272; 13.9358; 9.82612
Goesser_45_109_; 8; Stdev; 3.5139; 0.00768022; 0.0107259; 0.0260386; 2.03266; 2.67958; 2.20788
Goesser_45_109_; 9; Median; 35; 0.16786; -0.205856; 1.67785; 13.5264; -161.228; 38.3615
Goesser_45_109_; 9; Mean; 34.9; 0.164574; -0.200016; 1.65577; 13.5668; -161.218; 39.1154
Goesser_45_109_; 9; Range; 14; 0.0584978; 0.106646; 0.291596; 11.6941; 22.3489; 18.7765
Goesser_45_109_; 9; Stdev; 3.65923; 0.0125433; 0.0232274; 0.0624056; 2.11303; 4.58512; 4.17197
Goesser_45_109_; 10; Median; 37; 0.0866037; -0.255152; 1.72437; 14.1311; -162.12; 36.9003
Goesser_45_109_; 10; Mean; 36; 0.0874695; -0.253392; 1.72209; 14.2578; -162.501; 37.4252
Goesser_45_109_; 10; Range; 17; 0.0324768; 0.068822; 0.18171; 6.22655; 11.2801; 13.9571
Goesser_45_109_; 10; Stdev; 4.31277; 0.00786916; 0.0169242; 0.0424039; 1.54775; 2.58822; 3.59758
Goesser_45_109_; 11; Median; 25; 0.0827614; -0.28302; 1.73002; 13.2922; -139.888; 36.0024
Goesser_45_109_; 11; Mean; 24.3; 0.0587189; -0.206898; 1.32906; 42.0976; -86.8615; 2.90712
Goesser_45_109_; 11; Range; 15; 0.25314; 0.451161; 2.36068; 172.994; 327.346; 296.46
Goesser_45_109_; 11; Stdev; 3.86135; 0.0636852; 0.149318; 0.745133; 58.2453; 91.6049; 66.4224
Goesser_45_109_; 12; Median; 15; 0; 0; 0; 0; -0; 0
Goesser_45_109_; 12; Mean; 14.8; 0.0238156; -0.18081; 0.844558; 25.1657; -55.1555; -0.0485193
Goesser_45_109_; 12; Range; 13; 0.274095; 0.535332; 2.76415; 159.924; 329.05; 139.282
Goesser_45_109_; 12; Stdev; 2.85657; 0.0682831; 0.210745; 0.964149; 48.753; 90.2789; 35.1842
Goesser_45_109_; 13; Median; 10; 0; 0; 0; 0; -0; 0
Goesser_45_109_; 13; Mean; 9.65; 0.0194179; -0.0712998; 0.283495; 8.85527; -14.0644; -4.26875
Goesser_45_109_; 13; Range; 6; 0.163533; 0.542678; 2.07453; 140.142; 235.518; 160.583
Goesser_45_109_; 13; Stdev; 1.85135; 0.0495945; 0.171197; 0.676746; 30.6224; 53.9768; 28.9222
Goesser_45_109_; 14; Median; 9; 0; 0; 1.25612; 4.01837; -0; 0
Goesser_45_109_; 14; Mean; 8.95; 0.0261581; -0.214107; 0.902402; 30.0955; -35.2376; 8.86068
Goesser_45_109_; 14; Range; 11; 0.198539; 0.614819; 2.32074; 178.427; 317.333; 217.287
Goesser_45_109_; 14; Stdev; 2.95762; 0.0561033; 0.229947; 0.925547; 59.8074; 88.8106; 53.9032
Goesser_45_109_; 15; Median; 8; 0; 0; 0; 0; -0; 0
Goesser_45_109_; 15; Mean; 7.55; -0.00087685; -0.0214834; 0.0967235; 7.43151; 6.05635; -6.09833
Goesser_45_109_; 15; Range; 8; 0.017537; 0.429668; 1.93447; 148.63; 121.127; 121.967
Goesser_45_109_; 15; Stdev; 2.26881; 0.0038221; 0.0936439; 0.421608; 32.3932; 26.399; 26.582
Goesser_45_109_; 16; Median; 9; 0; 0; 0; 0; -0; 0
Goesser_45_109_; 16; Mean; 9.15; -0.00767854; 0.0150575; 0.000529238; 8.7639; -1.4946; -3.34778
Goesser_45_109_; 16; Range; 9; 0.153571; 0.30115; 0.0105848; 175.278; 29.892; 66.9556
Goesser_45_109_; 16; Stdev; 2.10416; 0.03347; 0.0656342; 0.00230689; 38.201; 6.51482; 14.5926
Goesser_45_109_; 17; Median; 6; 0; 0; 0; 0; -0; 0
Goesser_45_109_; 17; Mean; 6.15; 0; 0; 0; 0; 0; 0
Goesser_45_109_; 17; Range; 8; 0; 0; 0; 0; 0; 0
Goesser_45_109_; 17; Stdev; 1.98179; 0; 0; 0; 0; 0; 0
Goesser_45_109_; 18; Median; 7; 0; 0; 0; 0; -0; 0
Goesser_45_109_; 18; Mean; 6.5; -0.00898386; 0.0169215; 0.016752; 0.452672; 1.98421; 3.64784
Goesser_45_109_; 18; Range; 9; 0.179677; 0.33843; 0.33504; 9.05345; 39.6842; 72.9568
Goesser_45_109_; 18; Stdev; 2.33452; 0.0391597; 0.073759; 0.0730203; 1.97315; 8.64897; 15.9006
Goesser_45_109_; 19; Median; 8; 0; 0; 0; 0; -0; 0
Goesser_45_109_; 19; Mean; 7.65; -0.00851543; 0.019002; 0.032477; 8.35121; 5.3785; -6.25326
Goesser_45_109_; 19; Range; 7; 0.170309; 0.380041; 0.64954; 167.024; 107.57; 125.065
Goesser_45_109_; 19; Stdev; 1.9046; 0.0371179; 0.082828; 0.141564; 36.4021; 23.4443; 27.2573
Goesser_45_109_; 20; Median; 6; 0; 0; 0; 0; -0; 0
Goesser_45_109_; 20; Mean; 5.7; 0; 0; 0; 0; 0; 0
Goesser_45_109_; 20; Range; 6; 0; 0; 0; 0; 0; 0
Goesser_45_109_; 20; Stdev; 1.81934; 0; 0; 0; 0; 0; 0
Goesser_45_109_; 21; Median; 8; 0; 0; 0; 0; -0; 0
Goesser_45_109_; 21; Mean; 8.55; 0.0296867; -7.23038e-05; 0.0895856; 2.70271; -3.36344; -6.01185
Goesser_45_109_; 21; Range; 12; 0.593735; 0.00144608; 1.79171; 54.0542; 67.2687; 120.237
Goesser_45_109_; 21; Stdev; 3.24769; 0.129401; 0.000315165; 0.390495; 11.7808; 14.6609; 26.205
Goesser_45_109_; 22; Median; 11; 0; 0; 0; 0; -0; 0
Goesser_45_109_; 22; Mean; 10.65; 0; 0; 0; 0; 0; 0
Goesser_45_109_; 22; Range; 11; 0; 0; 0; 0; 0; 0
Goesser_45_109_; 22; Stdev; 2.81558; 0; 0; 0; 0; 0; 0
Goesser_55_126_; 1; Median; 69; 0.131405; 0.167331; 1.41093; 16.2383; -166.106; 29.6811
Goesser_55_126_; 1; Mean; 70.3; 0.130044; 0.168139; 1.40834; 16.067; -166.079; 30.1545
Goesser_55_126_; 1; Range; 21; 0.0337539; 0.0350129; 0.191736; 1.76914; 7.43607; 8.98869
Goesser_55_126_; 1; Stdev; 5.98415; 0.00871857; 0.00741734; 0.0338356; 0.440443; 2.02145; 1.91731
Goesser_55_126_; 2; Median; 68; 0.136609; 0.166556; 1.40799; 16.0086; -165.422; 29.3047
Goesser_55_126_; 2; Mean; 68.8; 0.1407; 0.150226; 1.41125; 15.8978; -165.493; 25.9094
Goesser_55_126_; 2; Range; 17; 0.110143; 0.346439; 0.117302; 2.38822; 7.95159; 72.8944
Goesser_55_126_; 2; Stdev; 4.9558; 0.0218338; 0.0732442; 0.0232835; 0.62767; 2.21378; 15.1127
Goesser_55_126_; 3; Median; 106; 0.15797; 0.100167; 1.44692; 16.0912; -164.488; 28.7507
Goesser_55_126_; 3; Mean; 105.75; 0.159548; 0.100574; 1.44369; 16.1006; -164.098; 29.0597
Goesser_55_126_; 3; Range; 29; 0.0564204; 0.0309391; 0.122307; 2.14654; 13.129; 10.9768
Goesser_55_126_; 3; Stdev; 6.05702; 0.0121154; 0.00678511; 0.0221891; 0.547422; 2.60256; 2.10456
Goesser_55_126_; 4; Median; 100; 0.163714; 0.00815912; 1.50602; 15.3539; -164.556; 28.9763
Goesser_55_126_; 4; Mean; 100.05; 0.162928; -0.00886226; 1.49654; 15.1863; -148.312; 25.1875
Goesser_55_126_; 4; Range; 28; 0.0355987; 0.403544; 0.109375; 5.68376; 335.006; 83.1191
Goesser_55_126_; 4; Stdev; 7.61233; 0.00724418; 0.0843936; 0.0252792; 1.24909; 72.3894; 17.2831
Goesser_55_126_; 5; Median; 40; 0.206306; -0.0981588; 1.56537; 15.8516; -165.14; 28.0324
Goesser_55_126_; 5; Mean; 38.9; 0.21228; -0.172627; 1.55484; 15.4289; -150.032; 12.1725
Goesser_55_126_; 5; Range; 14; 0.190302; 0.454266; 0.314995; 9.79503; 352.621; 95.2896
Goesser_55_126_; 5; Stdev; 3.87169; 0.0407946; 0.158602; 0.0649278; 2.08708; 74.4372; 32.9856
Goesser_55_126_; 6; Median; 31; 0.223454; -0.15937; 1.59296; 16.8744; -162.493; 26.0434
Goesser_55_126_; 6; Mean; 30.3; 0.221615; -0.256525; 1.58622; 15.868; -80.2449; 6.36248
Goesser_55_126_; 6; Range; 19; 0.0933451; 0.604189; 0.253983; 15.1442; 348.005; 122.359
Goesser_55_126_; 6; Stdev; 3.74299; 0.0204408; 0.185754; 0.0469925; 4.29996; 144.85; 36.9649
Goesser_55_126_; 7; Median; 25; 0.190529; -0.256633; 1.61513; 18.5433; -122.641; 24.0187
Goesser_55_126_; 7; Mean; 24.55; 0.180661; -0.406624; 1.5504; 51.8793; -57.0115; 17.6788
Goesser_55_126_; 7; Range; 10; 0.137634; 0.600752; 0.465258; 179.263; 344.082; 180.39
Goesser_55_126_; 7; Stdev; 2.92361; 0.044434; 0.220167; 0.13696; 64.3779; 129.749; 54.8444
Goesser_55_126_; 8; Median; 17; 0; 0; 0.334753; 4.48688; -0; 0
Goesser_55_126_; 8; Mean; 16.65; 0.0648543; -0.110541; 0.619279; 20.2843; -67.6913; 19.2033
Goesser_55_126_; 8; Range; 12; 0.214176; 0.42794; 1.76172; 171.081; 178.705; 287.491
Goesser_55_126_; 8; Stdev; 3.25998; 0.0821377; 0.147826; 0.704776; 46.3234; 76.8629; 62.2881
Goesser_55_126_; 9; Median; 13; 0; 0; 0; 0; -0; 0
Goesser_55_126_; 9; Mean; 12.85; 0.0454123; -0.0553088; 0.244032; 20.4681; -12.5724; -9.52102
Goesser_55_126_; 9; Range; 14; 0.231442; 0.359498; 1.53407; 175.834; 153.585; 128.248
Goesser_55_126_; 9; Stdev; 3.08666; 0.0908512; 0.112737; 0.529814; 52.394; 34.3759; 30.831
Goesser_55_126_; 10; Median; 9; 0; 0; 0; 0; -0; 0
Goesser_55_126_; 10; Mean; 9.7; 0.0515924; -0.151647; 0.573046; 2.44159; -22.1316; 4.22641
Goesser_55_126_; 10; Range; 8; 0.588216; 2.37038; 8.93659; 26.8256; 170.489; 48.4966
Goesser_55_126_; 10; Stdev; 2.1; 0.139988; 0.520255; 1.95757; 7.18088; 53.5828; 11.5594
Goesser_55_126_; 11; Median; 4; 0; 0; 0; 0; -0; 0
Goesser_55_126_; 11; Mean; 4.25; 0; 0; 0; 0; 0; 0
Goesser_55_126_; 11; Range; 7; 0; 0; 0; 0; 0; 0
Goesser_55_126_; 11; Stdev; 1.89407; 0; 0; 0; 0; 0; 0
Goesser_55_126_; 12; Median; 5; 0; 0; 0; 0; -0; 0
Goesser_55_126_; 12; Mean; 4.95; 0.00513852; -0.0602172; 0.196198; 2.80788; 8.41272; 8.88016
Goesser_55_126_; 12; Range; 6; 0.10277; 1.20434; 3.92397; 56.1576; 168.254; 177.603
Goesser_55_126_; 12; Stdev; 1.49917; 0.0223983; 0.262481; 0.855209; 12.2393; 36.6702; 38.7077
Goesser_55_126_; 13; Median; 2; 0; 0; 0; 0; -0; 0
Goesser_55_126_; 13; Mean; 2.75; 0; 0; 0; 0; 0; 0
Goesser_55_126_; 13; Range; 8; 0; 0; 0; 0; 0; 0
Goesser_55_126_; 13; Stdev; 1.89407; 0; 0; 0; 0; 0; 0
Goesser_55_126_; 14; Median; 4; 0; 0; 0; 0; -0; 0
Goesser_55_126_; 14; Mean; 3.75; 0; 0; 0; 0; 0; 0
Goesser_55_126_; 14; Range; 5; 0; 0; 0; 0; 0; 0
Goesser_55_126_; 14; Stdev; 1.33697; 0; 0; 0; 0; 0; 0
Goesser_55_126_; 15; Median; 3; 0; 0; 0; 0; -0; 0
Goesser_55_126_; 15; Mean; 4.05; -0.0073216; 0.0234799; 0.0291711; 0.14101; -7.18162; 5.57158
Goesser_55_126_; 15; Range; 5; 0.146432; 0.469597; 0.583421; 2.8202; 143.632; 111.432
Goesser_55_126_; 15; Stdev; 1.74571; 0.0319141; 0.102346; 0.127154; 0.614649; 31.3039; 24.2859
Goesser_55_126_; 16; Median; 6; 0; 0; 0; 0; -0; 0
Goesser_55_126_; 16; Mean; 5.6; 0; 0; 0; 0; 0; 0
Goesser_55_126_; 16; Range; 6; 0; 0; 0; 0; 0; 0
Goesser_55_126_; 16; Stdev; 1.90788; 0; 0; 0; 0; 0; 0
Goesser_62_136_; 1; Median; 128; 0.107083; 0.0282282; 1.53125; 19.0665; -170.184; 21.1144
Goesser_62_136_; 1; Mean; 127.4; 0.105544; 0.0262745; 1.53288; 19.1234; -170.602; 20.7764
Goesser_62_136_; 1; Range; 17; 0.0224509; 0.0513426; 0.0580947; 1.17332; 7.62601; 8.91241
Goesser_62_136_; 1; Stdev; 4.71593; 0.00598921; 0.0100212; 0.0113544; 0.275348; 1.88648; 1.68308
Goesser_62_136_; 2; Median; 130; 0.107664; 0.029383; 1.5298; 19.0326; -170.028; 21.3511
Goesser_62_136_; 2; Mean; 129.45; 0.108748; 0.0282082; 1.53145; 19.023; -169.851; 20.9591
Goesser_62_136_; 2; Range; 16; 0.0217135; 0.0447713; 0.0490723; 1.5849; 5.43457; 8.75297
Goesser_62_136_; 2; Stdev; 3.63971; 0.00469392; 0.00915745; 0.0110364; 0.281145; 1.07415; 1.80324
Goesser_62_136_; 3; Median; 82; 0.109091; -0.0446165; 1.56837; 17.995; -170.802; 20.2524
Goesser_62_136_; 3; Mean; 80.9; 0.111436; -0.0744309; 1.57084; 17.7038; -153.695; 14.2978
Goesser_62_136_; 3; Range; 21; 0.0643643; 0.336477; 0.133121; 5.07492; 346.491; 66.8056
Goesser_62_136_; 3; Stdev; 6.41794; 0.0139775; 0.083573; 0.0238477; 1.02308; 74.3366; 16.5729
Goesser_62_136_; 4; Median; 30; 0.129805; -0.144202; 1.60625; 18.3799; -170.29; 21.3018
Goesser_62_136_; 4; Mean; 30.65; 0.136904; -0.188418; 1.57632; 18.1181; -136.065; 10.8747
Goesser_62_136_; 4; Range; 16; 0.119241; 0.456339; 0.656274; 15.5259; 345.029; 101.147
Goesser_62_136_; 4; Stdev; 4.39631; 0.0293625; 0.120002; 0.125632; 3.2838; 99.6814; 25.9743
Goesser_62_136_; 5; Median; 24; 0.17274; -0.431027; 1.58025; 14.7276; -152.981; 0
Goesser_62_136_; 5; Mean; 22.75; 0.152896; -0.420978; 1.4974; 20.8831; -29.9475; -13.8323
Goesser_62_136_; 5; Range; 14; 0.370846; 0.694403; 1.83197; 152.031; 356.867; 180.342
Goesser_62_136_; 5; Stdev; 3.87137; 0.0898623; 0.206933; 0.377912; 30.7743; 158.377; 46.3797
Goesser_62_136_; 6; Median; 19; 0.126127; -0.261382; 1.20153; 18.6246; -126.654; 20.6885
Goesser_62_136_; 6; Mean; 18.2; 0.106275; -0.266077; 1.11113; 63.801; -82.4906; -0.828417
Goesser_62_136_; 6; Range; 11; 0.384819; 0.683844; 1.66424; 175.18; 243.321; 205.616
Goesser_62_136_; 6; Stdev; 2.6; 0.101634; 0.234592; 0.533066; 65.0111; 96.9113; 55.4961
Goesser_62_136_; 7; Median; 7; 0; 0; 0; 0; -0; 0
Goesser_62_136_; 7; Mean; 6.4; 0; 0; 0; 0; 0; 0
Goesser_62_136_; 7; Range; 8; 0; 0; 0; 0; 0; 0
Goesser_62_136_; 7; Stdev; 2.00998; 0; 0; 0; 0; 0; 0
Goesser_62_136_; 8; Median; 3; 0; 0; 0; 0; -0; 0
Goesser_62_136_; 8; Mean; 2.75; 0; 0; 0; 0; 0; 0
Goesser_62_136_; 8; Range; 6; 0; 0; 0; 0; 0; 0
Goesser_62_136_; 8; Stdev; 1.21963; 0; 0; 0; 0; 0; 0
Goesser_62_136_; 9; Median; 2; 0; 0; 0; 0; -0; 0
Goesser_62_136_; 9; Mean; 1.45; 0; 0; 0; 0; 0; 0
Goesser_62_136_; 9; Range; 4; 0; 0; 0; 0; 0; 0
Goesser_62_136_; 9; Stdev; 1.39553; 0; 0; 0; 0; 0; 0
Goesser_62_136_; 10; Median; 1; 0; 0; 0; 0; -0; 0
Goesser_62_136_; 10; Mean; 1.05; 0; 0; 0; 0; 0; 0
Goesser_62_136_; 10; Range; 3; 0; 0; 0; 0; 0; 0
Goesser_62_136_; 10; Stdev; 0.804674; 0; 0; 0; 0; 0; 0
Goesser_62_136_; 11; Median; 1; 0; 0; 0; 0; -0; 0
Goesser_62_136_; 11; Mean; 1.45; 0; 0; 0; 0; 0; 0
Goesser_62_136_; 11; Range; 4; 0; 0; 0; 0; 0; 0
Goesser_62_136_; 11; Stdev; 0.920598; 0; 0; 0; 0; 0; 0
Goesser_62_136_; 12; Median; 2; 0; 0; 0; 0; -0; 0
Goesser_62_136_; 12; Mean; 1.55; 0; 0; 0; 0; 0; 0
Goesser_62_136_; 12; Range; 3; 0; 0; 0; 0; 0; 0
Goesser_62_136_; 12; Stdev; 0.973396; 0; 0; 0; 0; 0; 0
Goesser_62_136_; 13; Median; 3; 0; 0; 0; 0; -0; 0
Goesser_62_136_; 13; Mean; 3.35; 0; 0; 0; 0; 0; 0
Goesser_62_136_; 13; Range; 5; 0; 0; 0; 0; 0; 0
Goesser_62_136_; 13; Stdev; 1.49248; 0; 0; 0; 0; 0; 0
Goesser_62_136_; 14; Median; 4; 0; 0; 0; 0; -0; 0
Goesser_62_136_; 14; Mean; 3.3; 0; 0; 0; 0; 0; 0
Goesser_62_136_; 14; Range; 5; 0; 0; 0; 0; 0; 0
Goesser_62_136_; 14; Stdev; 1.30767; 0; 0; 0; 0; 0; 0
Goesser_62_136_; 15; Median; 6; 0; 0; 0; 0; -0; 0
Goesser_62_136_; 15; Mean; 5.45; 0; 0; 0; 0; 0; 0
Goesser_62_136_; 15; Range; 8; 0; 0; 0; 0; 0; 0
Goesser_62_136_; 15; Stdev; 1.82962; 0; 0; 0; 0; 0; 0
Goesser_62_136_; 16; Median; 3; 0; 0; 0; 0; -0; 0
Goesser_62_136_; 16; Mean; 3.95; 0; 0; 0; 0; 0; 0
Goesser_62_136_; 16; Range; 5; 0; 0; 0; 0; 0; 0
Goesser_62_136_; 16; Stdev; 1.65756; 0; 0; 0; 0; 0; 0
Goesser_35_63_; 1; Median; 75; 0; 0; 0; 0; -0; 0
Goesser_35_63_; 1; Mean; 76.15; 0.0102522; 0.0104022; 0.0246769; 8.33497; 1.75372; -4.39988
Goesser_35_63_; 1; Range; 21; 0.205044; 0.208044; 0.493539; 166.699; 35.0743; 87.9975
Goesser_35_63_; 1; Stdev; 5.38772; 0.0446882; 0.0453422; 0.107564; 36.3313; 7.64428; 19.1786
Goesser_35_63_; 2; Median; 108; 0.110494; 0.167878; 0.856792; 13.9356; -161.315; 49.8287
Goesser_35_63_; 2; Mean; 108.3; 0.0948477; 0.16226; 0.840278; 20.6523; -137.336; 59.2045
Goesser_35_63_; 2; Range; 30; 0.164909; 0.412968; 0.412115; 146.418; 346.988; 111.648
Goesser_35_63_; 2; Stdev; 7.90633; 0.0424029; 0.0698226; 0.0865541; 30.832; 80.3863; 29.7841
Goesser_35_63_; 3; Median; 150; 0.0887498; 0.117532; 0.926623; 12.4806; -162.303; 48.7408
Goesser_35_63_; 3; Mean; 148.5; 0.0865643; 0.118574; 0.926527; 12.2037; -162.75; 49.0644
Goesser_35_63_; 3; Range; 47; 0.0306438; 0.0178757; 0.0332515; 3.52131; 8.93319; 3.8642
Goesser_35_63_; 3; Stdev; 9.88686; 0.00713674; 0.00437115; 0.010433; 0.967325; 2.11281; 0.915244
Goesser_35_63_; 4; Median; 153; 0.0662933; 0.0495988; 1.01469; 11.7859; -163.436; 49.0707
Goesser_35_63_; 4; Mean; 152.4; 0.0651098; 0.0499733; 1.01337; 12.1448; -163.643; 49.0319
Goesser_35_63_; 4; Range; 30; 0.0191174; 0.00683844; 0.0238229; 2.6648; 5.29805; 2.85147
Goesser_35_63_; 4; Stdev; 6.69627; 0.00554962; 0.00185877; 0.0062611; 0.727874; 1.50867; 0.691981
Goesser_35_63_; 5; Median; 100; 0.0691555; -0.0190709; 1.10486; 12.4629; -164.115; 49.3517
Goesser_35_63_; 5; Mean; 101.6; 0.0573457; 0.00538639; 1.07113; 12.2002; -114.382; 59.4136
Goesser_35_63_; 5; Range; 29; 0.116582; 0.194097; 0.312352; 7.35687; 339.277; 80.8006
Goesser_35_63_; 5; Stdev; 7.1861; 0.033276; 0.0622718; 0.0807674; 1.8016; 118.344; 26.0753
Goesser_35_63_; 6; Median; 62; 0.079587; -0.0993503; 1.19162; 13.5721; -162.846; 47.1835
Goesser_35_63_; 6; Mean; 62.55; 0.0763096; -0.0831886; 1.16014; 13.8299; -161.8; 51.8633
Goesser_35_63_; 6; Range; 31; 0.0679936; 0.227053; 0.404439; 28.8999; 31.5017; 81.4792
Goesser_35_63_; 6; Stdev; 6.71919; 0.0145926; 0.0567749; 0.092016; 4.73293; 7.0253; 17.2289
Goesser_35_63_; 7; Median; 40; 0.0810847; -0.151814; 1.26026; 13.2948; -162.397; 49.7524
Goesser_35_63_; 7; Mean; 40; 0.0798579; -0.154177; 1.26187; 12.7381; -162.97; 50.2798
Goesser_35_63_; 7; Range; 22; 0.034309; 0.0862581; 0.0917488; 15.1611; 13.4761; 33.7894
Goesser_35_63_; 7; Stdev; 5.63028; 0.0080802; 0.0238935; 0.0244975; 3.39929; 3.31859; 8.05135
Goesser_35_63_; 8; Median; 27; 0.0962345; -0.204178; 1.27516; 15.6742; -152.897; 42.7156
Goesser_35_63_; 8; Mean; 27.85; 0.0765507; -0.185467; 1.14408; 23.8553; -76.1415; 36.4419
Goesser_35_63_; 8; Range; 20; 0.290356; 0.40719; 1.43241; 138.947; 353.991; 239.223
Goesser_35_63_; 8; Stdev; 4.66128; 0.066102; 0.0944035; 0.327843; 35.3081; 133.51; 54.633
Goesser_35_63_; 9; Median; 28; 0.0732662; -0.199409; 1.33859; 14.2969; -138.958; 46.5214
Goesser_35_63_; 9; Mean; 26.55; 0.0404207; -0.195347; 1.1427; 34.1535; -60.1916; 33.8677
Goesser_35_63_; 9; Range; 16; 0.247883; 0.328699; 1.48376; 179.806; 334.878; 279.322
Goesser_35_63_; 9; Stdev; 4.15301; 0.0647668; 0.104127; 0.485779; 56.2433; 120.984; 73.4118
Goesser_35_63_; 10; Median; 22; 0; -0.202687; 1.38081; 8.58826; -0; 26.3024
Goesser_35_63_; 10; Mean; 21.5; 0.00861395; -0.230313; 1.12284; 38.6709; -27.4696; 13.9136
Goesser_35_63_; 10; Range; 11; 0.244771; 0.433115; 1.57781; 179.42; 341.358; 224.093
Goesser_35_63_; 10; Stdev; 2.92404; 0.0652279; 0.139979; 0.571985; 64.9498; 121.362; 62.8921
Goesser_35_63_; 11; Median; 14; 0; 0; 0; 0; -0; 0
Goesser_35_63_; 11; Mean; 14.35; 0.000295929; -0.146467; 0.668908; 21.4366; -9.70199; 18.3263
Goesser_35_63_; 11; Range; 12; 0.183904; 0.460046; 1.66453; 168.378; 356.51; 268.388
Goesser_35_63_; 11; Stdev; 3.43911; 0.0374873; 0.166726; 0.742335; 48.2938; 93.5029; 61.7674
Goesser_35_63_; 12; Median; 9; 0; 0; 0; 0; -0; 0
Goesser_35_63_; 12; Mean; 9.5; 0.0227723; -0.0999888; 0.277302; 19.9643; 18.1827; -6.64161
Goesser_35_63_; 12; Range; 9; 0.204036; 0.711478; 1.85077; 151.346; 199.386; 222.162
Goesser_35_63_; 12; Stdev; 2.37697; 0.0523128; 0.211228; 0.59925; 46.3282; 51.6999; 39.8424
Goesser_35_63_; 13; Median; 7; 0; 0; 0; 0; -0; 0
Goesser_35_63_; 13; Mean; 6.85; -0.00321794; -0.0223423; 0.0932426; 0.196695; 1.53579; 7.24616
Goesser_35_63_; 13; Range; 10; 0.0643588; 0.446846; 1.86485; 3.9339; 30.7158; 144.923
Goesser_35_63_; 13; Stdev; 2.39322; 0.0140267; 0.0973879; 0.406435; 0.857374; 6.69434; 31.5853
Goesser_35_63_; 14; Median; 4; 0; 0; 0; 0; -0; 0
Goesser_35_63_; 14; Mean; 4.25; 0.00282078; -0.0333936; 0.098469; 0.536725; -8.54968; 2.23362
Goesser_35_63_; 14; Range; 7; 0.0564156; 0.667872; 1.96938; 10.7345; 170.994; 44.6724
Goesser_35_63_; 14; Stdev; 1.92029; 0.0122955; 0.145559; 0.429216; 2.33953; 37.2672; 9.73612
Goesser_35_63_; 15; Median; 2; 0; 0; 0; 0; -0; 0
Goesser_35_63_; 15; Mean; 2.7; 0; 0; 0; 0; 0; 0
Goesser_35_63_; 15; Range; 6; 0; 0; 0; 0; 0; 0
Goesser_35_63_; 15; Stdev; 1.51987; 0; 0; 0; 0; 0; 0
Goesser_35_63_; 16; Median; 5; 0; 0; 0; 0; -0; 0
Goesser_35_63_; 16; Mean; 5.3; 0; 0; 0; 0; 0; 0
Goesser_35_63_; 16; Range; 6; 0; 0; 0; 0; 0; 0
Goesser_35_63_; 16; Stdev; 1.64621; 0; 0; 0; 0; 0; 0
Goesser_35_63_; 17; Median; 8; 0; 0; 0; 0; -0; 0
Goesser_35_63_; 17; Mean; 7.4; 0; 0; 0; 0; 0; 0
Goesser_35_63_; 17; Range; 9; 0; 0; 0; 0; 0; 0
Goesser_35_63_; 17; Stdev; 2.26716; 0; 0; 0; 0; 0; 0
Goesser_35_63_; 18; Median; 9; 0; 0; 0; 0; -0; 0
Goesser_35_63_; 18; Mean; 9.7; 0; 0; 0; 0; 0; 0
Goesser_35_63_; 18; Range; 10; 0; 0; 0; 0; 0; 0
Goesser_35_63_; 18; Stdev; 2.45153; 0; 0; 0; 0; 0; 0
Goesser_35_63_; 19; Median; 9; 0; 0; 0; 0; -0; 0
Goesser_35_63_; 19; Mean; 9.55; 0.0978286; 0.0639089; 0.242147; 3.18053; -0.427058; 8.49599
Goesser_35_63_; 19; Range; 10; 1.95657; 1.27818; 4.84293; 63.6106; 8.54117; 169.92
Goesser_35_63_; 19; Stdev; 2.65471; 0.426425; 0.278572; 1.05549; 13.8636; 1.8615; 37.0332
Goesser_35_63_; 20; Median; 9; 0; 0; 0; 0; -0; 0
Goesser_35_63_; 20; Mean; 8.8; 0.0059861; -0.0129495; 0.0326461; 0.91774; -1.91238; -4.72518
Goesser_35_63_; 20; Range; 8; 0.119722; 0.25899; 0.652922; 18.3548; 38.2477; 94.5036
Goesser_35_63_; 20; Stdev; 2.01494; 0.0260928; 0.0564455; 0.142301; 4.00033; 8.33589; 20.5966
Goesser_35_115_; 1; Median; 16; 0; 0; 0; 0; -0; 0
Goesser_35_115_; 1; Mean; 16.55; 0; 0; 0; 0; 0; 0
Goesser_35_115_; 1; Range; 15; 0; 0; 0; 0; 0; 0
Goesser_35_115_; 1; Stdev; 3.29355; 0; 0; 0; 0; 0; 0
Goesser_35_115_; 2; Median; 16; 0; 0; 0; 0; -0; 0
Goesser_35_115_; 2; Mean; 15.95; -0.0107494; 0.0024293; 0.0207343; 5.91919; 2.81809; 6.38421
Goesser_35_115_; 2; Range; 12; 0.214987; 0.048586; 0.414685; 118.384; 56.3619; 127.684
Goesser_35_115_; 2; Stdev; 3.47095; 0.0468554; 0.0105891; 0.0903785; 25.8011; 12.2838; 27.8281
Goesser_35_115_; 3; Median; 22; 0; 0; 0; 0; -0; 0
Goesser_35_115_; 3; Mean; 22.8; -0.00220701; 0.0115126; 0.0752186; 0.194173; 0.246303; -3.18251
Goesser_35_115_; 3; Range; 11; 0.0441403; 0.230253; 1.50437; 3.88345; 4.92605; 63.6501
Goesser_35_115_; 3; Stdev; 2.99333; 0.00962016; 0.0501824; 0.32787; 0.846379; 1.07361; 13.8722
Goesser_35_115_; 4; Median; 24; 0; 0; 0; 0; -0; 0
Goesser_35_115_; 4; Mean; 23.75; 0.0247927; 0.00544129; 0.0731315; 9.60136; 0.55015; -5.92192
Goesser_35_115_; 4; Range; 15; 0.289476; 0.147939; 0.937634; 112.269; 290.094; 60.1724
Goesser_35_115_; 4; Stdev; 3.96074; 0.0755297; 0.0285239; 0.22889; 29.2592; 45.8976; 17.7683
Goesser_35_115_; 5; Median; 32; 0; 0; 0; 0; -0; 0
Goesser_35_115_; 5; Mean; 31.8; 0.0421123; 0.121211; 0.493403; 25.1412; -20.7975; 0.848056
Goesser_35_115_; 5; Range; 14; 0.309635; 0.467331; 1.60783; 178.46; 330.26; 183.119
Goesser_35_115_; 5; Stdev; 4.31972; 0.0753572; 0.17252; 0.638313; 47.3204; 81.0159; 39.3143
Goesser_35_115_; 6; Median; 35; 0; 0.316292; 1.23977; 7.4443; -0; 48.7247
Goesser_35_115_; 6; Mean; 35; 0.0286612; 0.200404; 0.851262; 21.2522; -60.8325; 28.9908
Goesser_35_115_; 6; Range; 10; 0.438791; 0.640079; 1.8298; 168.472; 339.067; 271.287
Goesser_35_115_; 6; Stdev; 2.88097; 0.0839017; 0.187158; 0.726119; 42.8772; 93.992; 55.2439
Goesser_35_115_; 7; Median; 35; 0.114066; 0.217621; 1.56085; 10.5082; -41.9263; 46.1267
Goesser_35_115_; 7; Mean; 36.2; 0.0859838; 0.125512; 1.05818; 31.9355; -65.724; 22.144
Goesser_35_115_; 7; Range; 16; 0.49937; 0.806165; 2.00235; 179.848; 283.173; 271.609
Goesser_35_115_; 7; Stdev; 3.47275; 0.108619; 0.191479; 0.76964; 49.7029; 89.5285; 60.648
Goesser_35_115_; 8; Median; 44; 0.111749; 0.187069; 1.635; 9.76512; -155.492; 49.7218
Goesser_35_115_; 8; Mean; 44.5; 0.0876889; 0.185677; 1.37857; 22.7972; -86.1674; 36.4189
Goesser_35_115_; 8; Range; 19; 0.199351; 0.39445; 2.01878; 163.175; 338.265; 284.914
Goesser_35_115_; 8; Stdev; 4.37607; 0.055537; 0.10005; 0.606436; 42.7641; 107.522; 54.7897
Goesser_35_115_; 9; Median; 52; 0.130375; 0.123369; 1.72547; 10.2616; -160.954; 49.8256
Goesser_35_115_; 9; Mean; 51.3; 0.131137; 0.123326; 1.72407; 10.4402; -159.217; 50.0458
Goesser_35_115_; 9; Range; 14; 0.0538525; 0.0281428; 0.129313; 7.94886; 18.1825; 13.108
Goesser_35_115_; 9; Stdev; 3.19531; 0.0142319; 0.00596443; 0.0284792; 1.89358; 4.70986; 3.11191
Goesser_35_115_; 10; Median; 51; 0.116216; 0.0823083; 1.79454; 10.0918; -160.361; 50.8782
Goesser_35_115_; 10; Mean; 50.35; 0.114218; 0.0778936; 1.80381; 9.79067; -160.406; 49.8803
Goesser_35_115_; 10; Range; 17; 0.0804185; 0.0704463; 0.263812; 8.56392; 18.9546; 24.3198
Goesser_35_115_; 10; Stdev; 4.57466; 0.0183451; 0.016321; 0.0580005; 1.6598; 4.84565; 5.12223
Goesser_35_115_; 11; Median; 52; 0.144029; 0.014923; 1.8809; 9.78842; -159.568; 49.6418
Goesser_35_115_; 11; Mean; 51.8; 0.143044; 0.0141383; 1.87632; 9.87615; -159.14; 49.8431
Goesser_35_115_; 11; Range; 18; 0.0539023; 0.0377713; 0.12309; 5.74947; 17.7447; 9.56074
Goesser_35_115_; 11; Stdev; 4.41135; 0.0139369; 0.00872252; 0.028094; 1.42333; 4.50656; 2.47959
Goesser_35_115_; 12; Median; 59; 0.121592; -0.0705763; 1.97806; 10.4137; -161.002; 48.0896
Goesser_35_115_; 12; Mean; 59.5; 0.119965; -0.0714646; 1.9754; 10.6648; -161.359; 47.9248
Goesser_35_115_; 12; Range; 16; 0.0569505; 0.0378749; 0.107672; 5.19977; 15.6533; 12.5683
Goesser_35_115_; 12; Stdev; 3.68103; 0.0108902; 0.00777776; 0.024252; 1.07904; 2.98723; 2.2512
Goesser_35_115_; 13; Median; 46; 0.148211; -0.136215; 2.07931; 10.7041; -160.846; 47.2622
Goesser_35_115_; 13; Mean; 45; 0.150224; -0.136923; 2.06246; 10.8606; -160.304; 46.5392
Goesser_35_115_; 13; Range; 14; 0.0414613; 0.103216; 0.252392; 6.72399; 15.5757; 15.5491
Goesser_35_115_; 13; Stdev; 4.86826; 0.0105817; 0.0181046; 0.0499974; 1.75402; 3.46803; 3.46973
Goesser_35_115_; 14; Median; 48; 0.0919154; -0.151874; 2.12293; 10.2616; -161.28; 49.5096
Goesser_35_115_; 14; Mean; 47.6; 0.0834345; -0.179728; 2.10598; 18.3394; -137.017; 51.5841
Goesser_35_115_; 14; Range; 14; 0.116249; 0.53205; 0.297763; 176.427; 333.453; 66.4887
Goesser_35_115_; 14; Stdev; 3.62491; 0.0259293; 0.109154; 0.06475; 36.8941; 78.0723; 13.3745
Goesser_35_115_; 15; Median; 37; 0.0989432; -0.248288; 2.24711; 10.2301; -161.935; 49.4549
Goesser_35_115_; 15; Mean; 37.1; 0.0953461; -0.253113; 2.24848; 9.8351; -162.842; 48.7809
Goesser_35_115_; 15; Range; 12; 0.0905898; 0.0600792; 0.225462; 7.66547; 24.244; 12.1562
Goesser_35_115_; 15; Stdev; 3.49142; 0.0183161; 0.0171298; 0.0562792; 1.73187; 4.93371; 3.22157
Goesser_35_115_; 16; Median; 27; 0.179303; -0.309873; 2.29606; 10.8481; -159.153; 50.0998
Goesser_35_115_; 16; Mean; 26.5; 0.172761; -0.288236; 2.25923; 10.7717; -142.844; 55.0798
Goesser_35_115_; 16; Range; 9; 0.122686; 0.242451; 0.439449; 21.7254; 357.656; 97.0896
Goesser_35_115_; 16; Stdev; 2.57876; 0.0280079; 0.0581132; 0.123884; 4.90637; 74.3702; 19.53
Goesser_35_115_; 17; Median; 24; 0.111047; -0.348761; 2.35266; 8.89367; -161.747; 52.6622
Goesser_35_115_; 17; Mean; 23.2; 0.0993297; -0.322487; 2.28777; 8.9477; -113.042; 60.4115
Goesser_35_115_; 17; Range; 10; 0.162731; 0.213844; 0.345827; 13.4361; 327.797; 79.3401
Goesser_35_115_; 17; Stdev; 3.00998; 0.0423223; 0.0672675; 0.102706; 3.2694; 113.907; 24.5553
Goesser_35_115_; 18; Median; 16; 0.09272; -0.29378; 2.04295; 8.04662; -94.9357; 47.5801
Goesser_35_115_; 18; Mean; 15.85; 0.0695973; -0.228393; 1.36809; 22.713; -67.541; 34.5462
Goesser_35_115_; 18; Range; 9; 0.254446; 0.454534; 2.46214; 178.55; 337.406; 262.72
Goesser_35_115_; 18; Stdev; 2.05609; 0.0790708; 0.186773; 1.01924; 41.2262; 98.2423; 55.2805
Goesser_35_115_; 19; Median; 16; 0.0722947; -0.348261; 2.36934; 6.30842; -0; 51.2104
Goesser_35_115_; 19; Mean; 15.5; 0.0852984; -0.297722; 1.79318; 5.88464; -23.8894; 58.5024
Goesser_35_115_; 19; Range; 11; 0.169626; 0.498105; 2.55176; 13.6484; 347.237; 125.422
Goesser_35_115_; 19; Stdev; 2.71109; 0.0662324; 0.190955; 1.04718; 4.85332; 139.612; 43.5566
Goesser_35_115_; 20; Median; 19; 0; 0; 0; 0; -0; 0
Goesser_35_115_; 20; Mean; 17.7; 0.0380706; -0.243561; 1.1643; 11.473; -66.7778; 16.1171
Goesser_35_115_; 20; Range; 17; 0.138465; 0.622493; 3.01073; 171.147; 179.24; 200.688
Goesser_35_115_; 20; Stdev; 3.9128; 0.0461275; 0.271012; 1.29287; 36.8493; 79.9191; 41.7843
Goesser_35_115_; 21; Median; 20; 0; 0; 0; 0; -0; 0
Goesser_35_115_; 21; Mean; 18.75; 0.0213843; -0.145939; 0.658127; 12.2603; -20.5107; 9.46241
Goesser_35_115_; 21; Range; 10; 0.12061; 0.636971; 2.93139; 176.187; 234.126; 236.918
Goesser_35_115_; 21; Stdev; 3.26917; 0.0438858; 0.25544; 1.14832; 38.9582; 58.7907; 42.2705
Goesser_35_115_; 22; Median; 23; 0; 0; 0.564164; 9.60178; -0; 33.8306
Goesser_35_115_; 22; Mean; 22.65; 0.0416564; -0.257549; 1.17677; 8.52298; -76.4676; 38.3322
Goesser_35_115_; 22; Range; 17; 0.204805; 0.705956; 2.9595; 35.177; 165.473; 155.602
Goesser_35_115_; 22; Stdev; 3.88941; 0.0577233; 0.293125; 1.26398; 9.91692; 76.7359; 45.1375
Goesser_35_115_; 23; Median; 19; 0; 0; 0; 0; -0; 0
Goesser_35_115_; 23; Mean; 19.55; 0.0017821; -0.0349912; 0.129685; 0.494554; -8.85393; 2.15179
Goesser_35_115_; 23; Range; 13; 0.0356421; 0.699825; 2.5937; 9.89107; 177.079; 43.0358
Goesser_35_115_; 23; Stdev; 3.05737; 0.00776801; 0.152523; 0.565283; 2.15571; 38.5934; 9.37944
Goesser_35_115_; 24; Median; 22; 0; 0; 0; 0; -0; 0
Goesser_35_115_; 24; Mean; 21.75; 0.0114687; -0.0833516; 0.307315; 0.739614; 0.408212; 6.15377
Goesser_35_115_; 24; Range; 13; 0.142661; 0.865681; 3.07943; 13.6296; 333.65; 70.5085
Goesser_35_115_; 24; Stdev; 3.67253; 0.0355251; 0.250262; 0.921948; 2.96796; 52.7689; 18.678
Goesser_35_115_; 25; Median; 22; 0; 0; 0; 0; -0; 0
Goesser_35_115_; 25; Mean; 21.5; 0.0300546; -0.175585; 0.649117; 3.65851; -25.2341; 16.2359
Goesser_35_115_; 25; Range; 13; 0.163589; 1.04831; 3.41912; 48.3337; 317.678; 93.4286
Goesser_35_115_; 25; Stdev; 3.3541; 0.058932; 0.360415; 1.22992; 10.6435; 76.229; 29.1511
Goesser_35_115_; 26; Median; 22; 0; 0; 0; 0; -0; 0
Goesser_35_115_; 26; Mean; 21.65; 0.0195547; -0.129773; 0.408299; 4.36742; -22.2444; 3.03477
Goesser_35_115_; 26; Range; 11; 0.137643; 0.875427; 3.02052; 60.6338; 158.492; 136.57
Goesser_35_115_; 26; Stdev; 2.90302; 0.0466053; 0.308969; 0.981254; 13.5147; 53.0661; 25.8219
Goesser_35_115_; 27; Median; 19; 0; 0; 0; 0; -0; 0
Goesser_35_115_; 27; Mean; 18.6; 0; 0; 0; 0; 0; 0
Goesser_35_115_; 27; Range; 14; 0; 0; 0; 0; 0; 0
Goesser_35_115_; 27; Stdev; 3.32265; 0; 0; 0; 0; 0; 0
Goesser_35_115_; 28; Median; 15; 0; 0; 0; 0; -0; 0
Goesser_35_115_; 28; Mean; 14.85; -0.0062234; -0.00467007; 0.0248819; 6.70778; -6.09806; 2.55065
Goesser_35_115_; 28; Range; 9; 0.124468; 0.0934014; 0.497637; 134.156; 121.961; 51.013
Goesser_35_115_; 28; Stdev; 2.81558; 0.0271272; 0.0203564; 0.108458; 29.2385; 26.5808; 11.118
Goesser_35_115_; 29; Median; 14; 0; 0; 0; 0; -0; 0
Goesser_35_115_; 29; Mean; 13.55; 0; 0; 0; 0; 0; 0
Goesser_35_115_; 29; Range; 13; 0; 0; 0; 0; 0; 0
Goesser_35_115_; 29; Stdev; 2.94066; 0; 0; 0; 0; 0; 0
Goesser_35_115_; 30; Median; 11; 0; 0; 0; 0; -0; 0
Goesser_35_115_; 30; Mean; 11.5; -0.0113522; -0.00553754; 0.0633728; 3.61493; -7.01572; -1.99996
Goesser_35_115_; 30; Range; 8; 0.141688; 0.0602306; 0.717759; 65.5407; 74.5686; 302.73
Goesser_35_115_; 30; Stdev; 2.35584; 0.035202; 0.0166834; 0.191966; 14.2827; 21.0933; 48.2404
Goesser_35_115_; 31; Median; 9; 0; 0; 0; 0; -0; 0
Goesser_35_115_; 31; Mean; 9.5; 0.0419053; 0.00660086; 0.0539996; 8.72727; 7.6255; -9.21675
Goesser_35_115_; 31; Range; 8; 0.522912; 0.269657; 0.936749; 89.1617; 140.172; 112.968
Goesser_35_115_; 31; Stdev; 2.24722; 0.129935; 0.0470107; 0.204902; 26.1886; 30.5265; 28.4219
Goesser_35_115_; 32; Median; 10; 0; 0; 0; 0; -0; 0
Goesser_35_115_; 32; Mean; 9.25; 0; 0; 0; 0; 0; 0
Goesser_35_115_; 32; Range; 14; 0; 0; 0; 0; 0; 0
Goesser_35_115_; 32; Stdev; 3.20741; 0; 0; 0; 0; 0; 0
Goesser_35_115_; 33; Median; 9; 0; 0; 0; 0; -0; 0
Goesser_35_115_; 33; Mean; 8.85; 0; 0; 0; 0; 0; 0
Goesser_35_115_; 33; Range; 7; 0; 0; 0; 0; 0; 0
Goesser_35_115_; 33; Stdev; 1.76847; 0; 0; 0; 0; 0; 0
Goesser_35_115_; 34; Median; 9; 0; 0; 0; 0; -0; 0
Goesser_35_115_; 34; Mean; 8.55; 0; 0; 0; 0; 0; 0
Goesser_35_115_; 34; Range; 6; 0; 0; 0; 0; 0; 0
Goesser_35_115_; 34; Stdev; 1.82962; 0; 0; 0; 0; 0; 0
Goesser_35_115_; 35; Median; 8; 0; 0; 0; 0; -0; 0
Goesser_35_115_; 35; Mean; 7.9; 0; 0; 0; 0; 0; 0
Goesser_35_115_; 35; Range; 9; 0; 0; 0; 0; 0; 0
Goesser_35_115_; 35; Stdev; 2.18861; 0; 0; 0; 0; 0; 0
Goesser_35_115_; 36; Median; 11; 0; 0; 0; 0; -0; 0
Goesser_35_115_; 36; Mean; 10.9; -0.00826098; 0.0100705; 0.02109; 0.504775; 8.56709; 5.80003
Goesser_35_115_; 36; Range; 13; 0.16522; 0.20141; 0.421801; 10.0955; 171.342; 116.001
Goesser_35_115_; 36; Stdev; 3.31512; 0.0360088; 0.0438962; 0.0919294; 2.20026; 37.3431; 25.2817
Goesser_35_138_; 1; Median; 14; 0; 0; 0; 0; -0; 0
Goesser_35_138_; 1; Mean; 14.75; 0.00484564; -0.0175709; 0.0281062; 2.79462; -3.24634; -6.54661
Goesser_35_138_; 1; Range; 10; 0.0969128; 0.351419; 0.562125; 55.8923; 64.9268; 130.932
Goesser_35_138_; 1; Stdev; 3.03109; 0.0211216; 0.0765899; 0.122512; 12.1814; 14.1505; 28.536
Goesser_35_138_; 2; Median; 14; 0; 0; 0; 0; -0; 0
Goesser_35_138_; 2; Mean; 14.1; -0.0190898; -0.0114882; 0.0430891; 10.5213; 0.304427; 8.70293
Goesser_35_138_; 2; Range; 13; 0.214205; 0.188332; 0.47801; 112.24; 258.006; 111.373
Goesser_35_138_; 2; Stdev; 3.61801; 0.0577418; 0.0415608; 0.130123; 31.6419; 40.8046; 27.22
Goesser_35_138_; 3; Median; 21; 0; 0; 0; 0; -0; 0
Goesser_35_138_; 3; Mean; 20.95; -0.00821378; 0.00897992; 0.0277135; 5.67973; -7.66844; 6.43048
Goesser_35_138_; 3; Range; 10; 0.164276; 0.179598; 0.55427; 113.595; 153.369; 128.61
Goesser_35_138_; 3; Stdev; 2.67348; 0.0358031; 0.0391426; 0.1208; 24.7573; 33.4259; 28.0298
Goesser_35_138_; 4; Median; 17; 0; 0; 0; 0; -0; 0
Goesser_35_138_; 4; Mean; 16.55; 0.0243719; 0.040337; 0.239303; 6.6695; -1.66077; -1.73894
Goesser_35_138_; 4; Range; 12; 0.36353; 0.889374; 1.85217; 85.1908; 332.007; 299.527
Goesser_35_138_; 4; Stdev; 2.85438; 0.075746; 0.163492; 0.555206; 19.0901; 54.7005; 50.8919
Goesser_35_138_; 5; Median; 25; 0; 0; 0; 0; -0; 0
Goesser_35_138_; 5; Mean; 23.95; 0.00123699; -0.00906451; 0.0269853; 0.302958; -2.54533; -5.24192
Goesser_35_138_; 5; Range; 13; 0.0247398; 0.18129; 0.539705; 6.05916; 50.9067; 104.838
Goesser_35_138_; 5; Stdev; 3.48533; 0.00539192; 0.0395113; 0.117626; 1.32056; 11.0948; 22.849
Goesser_35_138_; 6; Median; 25; 0; 0; 0; 0; -0; 0
Goesser_35_138_; 6; Mean; 25.25; 0.0378375; 0.0583697; 0.237063; 29.3124; 0.497843; -12.8006
Goesser_35_138_; 6; Range; 17; 0.437809; 0.82874; 1.51973; 175.267; 196.419; 272.603
Goesser_35_138_; 6; Stdev; 3.71315; 0.0987297; 0.180255; 0.496566; 57.4487; 41.8992; 56.1788
Goesser_35_138_; 7; Median; 26; 0; 0; 0; 0; -0; 0
Goesser_35_138_; 7; Mean; 26.35; 0.0903088; 0.0845239; 0.476922; 37.8412; -28.0283; -15.7266
Goesser_35_138_; 7; Range; 15; 0.374021; 0.613885; 1.72971; 169.323; 306.824; 254.47
Goesser_35_138_; 7; Stdev; 4.01591; 0.126379; 0.189995; 0.627377; 63.7957; 64.6838; 61.7206
Goesser_35_138_; 8; Median; 25; 0; 0; 0; 0; -0; 0
Goesser_35_138_; 8; Mean; 24; 0.0402663; 0.149185; 0.638263; 18.1893; -42.3848; 26.1259
Goesser_35_138_; 8; Range; 11; 0.181639; 0.805584; 2.14812; 175.021; 334.982; 178.447
Goesser_35_138_; 8; Stdev; 3.14643; 0.0613806; 0.236574; 0.86306; 43.5381; 85.9249; 44.8346
Goesser_35_138_; 9; Median; 24; 0; 0; 0; 0; -0; 0
Goesser_35_138_; 9; Mean; 24.05; 0.0367869; 0.127263; 0.941163; 21.2929; -33.6216; 17.5262
Goesser_35_138_; 9; Range; 12; 0.601642; 0.450388; 4.16539; 112.748; 345.206; 333.407
Goesser_35_138_; 9; Stdev; 3.24769; 0.119511; 0.161608; 1.19154; 36.1372; 84.7211; 59.8944
Goesser_35_138_; 10; Median; 30; 0.186823; 0.208011; 1.93863; 12.9528; -157.622; 47.2355
Goesser_35_138_; 10; Mean; 29.45; 0.149706; 0.137164; 1.61323; 31.4217; -97.0872; 39.3906
Goesser_35_138_; 10; Range; 14; 0.443703; 0.544388; 2.01135; 179.959; 348.799; 211.357
Goesser_35_138_; 10; Stdev; 3.26305; 0.100446; 0.161072; 0.615571; 51.8912; 109.615; 42.8868
Goesser_35_138_; 11; Median; 32; 0.177822; 0.171139; 2.00812; 11.8848; -158.809; 48.4945
Goesser_35_138_; 11; Mean; 30.95; 0.183466; 0.169689; 1.93977; 11.9023; -156.239; 46.574
Goesser_35_138_; 11; Range; 19; 0.127439; 0.0333073; 0.930708; 8.03461; 44.7131; 38.5351
Goesser_35_138_; 11; Stdev; 4.3872; 0.0256209; 0.00904938; 0.193765; 2.27247; 9.25284; 8.1255
Goesser_35_138_; 12; Median; 36; 0.199407; 0.102709; 2.07584; 12.0583; -157.741; 50.7435
Goesser_35_138_; 12; Mean; 35.75; 0.194663; 0.111448; 2.06138; 11.9763; -142.065; 54.6504
Goesser_35_138_; 12; Range; 18; 0.13173; 0.173891; 0.231486; 4.22721; 330.834; 84.461
Goesser_35_138_; 12; Stdev; 4.04815; 0.0258272; 0.0364632; 0.05003; 0.995779; 70.2107; 17.5884
Goesser_35_138_; 13; Median; 42; 0.183373; 0.0726151; 2.14775; 12.5938; -159.333; 51.5127
Goesser_35_138_; 13; Mean; 42; 0.180072; 0.0815052; 2.12566; 11.9664; -142.998; 54.6323
Goesser_35_138_; 13; Range; 21; 0.145034; 0.166431; 0.218023; 5.57374; 325.399; 68.3539
Goesser_35_138_; 13; Stdev; 5.26308; 0.0300772; 0.0352709; 0.054788; 1.36595; 68.6742; 14.0964
Goesser_35_138_; 14; Median; 40; 0.174618; -0.00690636; 2.25009; 11.9835; -160.092; 50.1879
Goesser_35_138_; 14; Mean; 39.2; 0.176673; -0.00294768; 2.25612; 20.1197; -153.227; 42.8974
Goesser_35_138_; 14; Range; 12; 0.0307756; 0.0934172; 0.276436; 166.665; 134.875; 144.937
Goesser_35_138_; 14; Stdev; 3.58608; 0.00769148; 0.0191935; 0.0530222; 35.9859; 28.7699; 30.911
Goesser_35_138_; 15; Median; 54; 0.191612; -0.0611268; 2.32527; 12.9187; -159.272; 49.46
Goesser_35_138_; 15; Mean; 53.8; 0.19174; -0.0625696; 2.32744; 13.0158; -159.378; 49.0552
Goesser_35_138_; 15; Range; 16; 0.0210549; 0.0340835; 0.144576; 3.23075; 6.0036; 10.0201
Goesser_35_138_; 15; Stdev; 4.34281; 0.00516119; 0.00672245; 0.0265172; 0.664349; 1.40753; 1.84905
Goesser_35_138_; 16; Median; 55; 0.171581; -0.116094; 2.39573; 12.5294; -159.97; 49.5895
Goesser_35_138_; 16; Mean; 54.9; 0.173277; -0.116257; 2.39393; 12.5614; -159.354; 49.3852
Goesser_35_138_; 16; Range; 32; 0.0221947; 0.0266268; 0.083836; 2.55868; 6.99361; 8.52742
Goesser_35_138_; 16; Stdev; 6.17981; 0.00533045; 0.00476812; 0.0170941; 0.568528; 1.70247; 1.63099
Goesser_35_138_; 17; Median; 43; 0.167882; -0.176474; 2.46889; 12.8562; -159.8; 49.6415
Goesser_35_138_; 17; Mean; 42.45; 0.17032; -0.179418; 2.47372; 12.7981; -159.227; 48.9945
Goesser_35_138_; 17; Range; 14; 0.030572; 0.0400444; 0.103944; 3.36276; 12.8001; 10.1709
Goesser_35_138_; 17; Stdev; 3.44202; 0.00664975; 0.00874105; 0.0242527; 0.638622; 2.47201; 2.10511
Goesser_35_138_; 18; Median; 28; 0.168951; -0.244078; 2.55696; 12.2834; -160.99; 49.5044
Goesser_35_138_; 18; Mean; 28.65; 0.163693; -0.267086; 2.53992; 11.737; -145.303; 43.0664
Goesser_35_138_; 18; Range; 20; 0.0733548; 0.455211; 0.754231; 12.1477; 346.941; 133.344
Goesser_35_138_; 18; Stdev; 4.30436; 0.0170233; 0.0969299; 0.129294; 2.51139; 72.5782; 28.5221
Goesser_35_138_; 19; Median; 28; 0.191026; -0.293253; 2.62797; 12.4573; -160.057; 51.4985
Goesser_35_138_; 19; Mean; 27.75; 0.192973; -0.288405; 2.62327; 12.1423; -158.629; 52.3804
Goesser_35_138_; 19; Range; 16; 0.0459313; 0.0987255; 0.103514; 11.2636; 18.8612; 31.8745
Goesser_35_138_; 19; Stdev; 4.06048; 0.00993462; 0.0207274; 0.0255143; 1.99409; 4.02625; 6.16552
Goesser_35_138_; 20; Median; 25; 0.188354; -0.358373; 2.69536; 13.3376; -159.873; 50.8698
Goesser_35_138_; 20; Mean; 24.4; 0.178786; -0.36876; 2.64758; 20.5184; -149.464; 37.1301
Goesser_35_138_; 20; Range; 9; 0.216289; 0.791213; 1.05165; 163.587; 226.304; 148.45
Goesser_35_138_; 20; Stdev; 2.2891; 0.0422098; 0.134678; 0.198078; 33.9015; 46.2447; 41.8209
Goesser_35_138_; 21; Median; 22; 0.193517; -0.403174; 2.77805; 13.5497; -159.698; 51.2856
Goesser_35_138_; 21; Mean; 21.25; 0.181967; -0.374115; 2.60674; 20.2093; -147.505; 42.6651
Goesser_35_138_; 21; Range; 11; 0.219767; 0.438285; 2.92086; 174.917; 178.915; 157.003
Goesser_35_138_; 21; Stdev; 3.04754; 0.0453605; 0.0956589; 0.627607; 35.6495; 41.2412; 33.1045
Goesser_35_138_; 22; Median; 25; 0.17892; -0.466078; 2.85508; 12.4829; -159.861; 52.9889
Goesser_35_138_; 22; Mean; 25.15; 0.169012; -0.46105; 2.84636; 11.1266; -145.791; 55.4971
Goesser_35_138_; 22; Range; 17; 0.148402; 0.189421; 0.260233; 10.7186; 323.197; 66.4019
Goesser_35_138_; 22; Stdev; 3.67797; 0.0322562; 0.0345053; 0.0593209; 2.93283; 67.286; 13.0825
Goesser_35_138_; 23; Median; 20; 0.135963; -0.512849; 2.89604; 10.9815; -150.708; 54.29
Goesser_35_138_; 23; Mean; 20.4; 0.109539; -0.418687; 2.44686; 15.9536; -94.6642; 45.4792
Goesser_35_138_; 23; Range; 13; 0.187639; 0.574025; 3.14871; 173.564; 324.152; 204.845
Goesser_35_138_; 23; Stdev; 3.15278; 0.0634704; 0.186076; 1.04349; 36.4739; 101.687; 42.2234
Goesser_35_138_; 24; Median; 16; 0; 0; 0; 0; -0; 0
Goesser_35_138_; 24; Mean; 15.6; 0.0836826; -0.264436; 1.33033; 17.225; -44.9993; 13.2415
Goesser_35_138_; 24; Range; 15; 0.377713; 0.650224; 3.17388; 165.186; 337.459; 153.109
Goesser_35_138_; 24; Stdev; 3.52704; 0.10481; 0.293468; 1.47427; 41.1534; 87.404; 37.8823
Goesser_35_138_; 25; Median; 17; 0; 0; 0; 0; -0; 0
Goesser_35_138_; 25; Mean; 16.55; 0.0545637; -0.231605; 1.08396; 12.8964; -52.9994; 2.91212
Goesser_35_138_; 25; Range; 13; 0.283122; 0.678952; 3.1816; 164.236; 197.276; 209.876
Goesser_35_138_; 25; Stdev; 2.69212; 0.090326; 0.303102; 1.43456; 35.3439; 76.5518; 51.1018
Goesser_35_138_; 26; Median; 19; 0; 0; 2.58692; 8.12258; -0; 0
Goesser_35_138_; 26; Mean; 18.6; 0.0801806; -0.355373; 1.55305; 10.0354; -69.2639; 14.6777
Goesser_35_138_; 26; Range; 16; 0.36645; 0.746397; 3.30535; 87.3334; 203.159; 236.811
Goesser_35_138_; 26; Stdev; 3.94208; 0.109685; 0.355882; 1.55862; 18.8402; 80.7152; 50.4428
Goesser_35_138_; 27; Median; 18; 0; 0; 0; 0; -0; 0
Goesser_35_138_; 27; Mean; 18.4; 0.0703812; -0.233351; 0.93101; 5.31858; -46.3339; 13.5724
Goesser_35_138_; 27; Range; 13; 0.24774; 0.82243; 3.38212; 35.2822; 163.737; 56.8721
Goesser_35_138_; 27; Stdev; 2.93939; 0.107648; 0.357112; 1.42619; 9.26962; 70.8428; 21.0679
Goesser_35_138_; 28; Median; 15; 0; 0; 0; 0; -0; 0
Goesser_35_138_; 28; Mean; 15.3; 0.0274093; -0.18045; 0.678794; 5.04933; -13.5975; 6.50609
Goesser_35_138_; 28; Range; 12; 0.29513; 0.934912; 3.56823; 77.1617; 340.737; 73.0182
Goesser_35_138_; 28; Stdev; 3.21092; 0.0695145; 0.361246; 1.35838; 16.7852; 68.9901; 18.4285
Goesser_35_138_; 29; Median; 12; 0; 0; 0; 0; -0; 0
Goesser_35_138_; 29; Mean; 12.35; 0.00958977; -0.0518745; 0.197912; 0.495887; -7.91059; 3.52157
Goesser_35_138_; 29; Range; 16; 0.191795; 1.03749; 3.95824; 9.91775; 158.212; 70.4314
Goesser_35_138_; 29; Stdev; 4.40766; 0.0418008; 0.226116; 0.862679; 2.16152; 34.4814; 15.3502
Goesser_35_138_; 30; Median; 13; 0; 0; 0; 0; -0; 0
Goesser_35_138_; 30; Mean; 13.25; 0.0297683; -0.0724444; 0.262653; 10.5309; -7.06505; -4.5466
Goesser_35_138_; 30; Range; 10; 0.223127; 0.988219; 3.66838; 139.472; 271.491; 186.373
Goesser_35_138_; 30; Stdev; 2.60528; 0.0655708; 0.217497; 0.804334; 31.7208; 55.6034; 32.3369
Goesser_35_138_; 31; Median; 11; 0; 0; 0; 0; -0; 0
Goesser_35_138_; 31; Mean; 10.75; 0.00912132; -0.0539367; 0.185093; 0.648246; -7.78229; 2.7836
Goesser_35_138_; 31; Range; 9; 0.182426; 1.07873; 3.70186; 12.9649; 155.646; 55.6721
Goesser_35_138_; 31; Stdev; 2.16506; 0.0397589; 0.235104; 0.806801; 2.82564; 33.9222; 12.1334
Goesser_35_138_; 32; Median; 10; 0; 0; 0; 0; -0; 0
Goesser_35_138_; 32; Mean; 10.35; 0.0118422; -0.0681182; 0.20948; 0.0190042; -8.80173; 1.89139
Goesser_35_138_; 32; Range; 12; 0.236845; 1.36236; 4.18959; 0.380085; 176.035; 37.8277
Goesser_35_138_; 32; Stdev; 2.41402; 0.0516191; 0.29692; 0.9131; 0.0828375; 38.3659; 8.24436
Goesser_35_138_; 33; Median; 13; 0; 0; 0; 0; -0; 0
Goesser_35_138_; 33; Mean; 13.1; 0; 0; 0; 0; 0; 0
Goesser_35_138_; 33; Range; 12; 0; 0; 0; 0; 0; 0
Goesser_35_138_; 33; Stdev; 2.82666; 0; 0; 0; 0; 0; 0
Goesser_35_138_; 34; Median; 8; 0; 0; 0; 0; -0; 0
Goesser_35_138_; 34; Mean; 8.35; 0; 0; 0; 0; 0; 0
Goesser_35_138_; 34; Range; 8; 0; 0; 0; 0; 0; 0
Goesser_35_138_; 34; Stdev; 2.24221; 0; 0; 0; 0; 0; 0
Goesser_35_138_; 35; Median; 9; 0; 0; 0; 0; -0; 0
Goesser_35_138_; 35; Mean; 9.05; 0; 0; 0; 0; 0; 0
Goesser_35_138_; 35; Range; 7; 0; 0; 0; 0; 0; 0
Goesser_35_138_; 35; Stdev; 2.26881; 0; 0; 0; 0; 0; 0
Goesser_35_138_; 36; Median; 11; 0; 0; 0; 0; -0; 0
Goesser_35_138_; 36; Mean; 10.8; 0; 0; 0; 0; 0; 0
Goesser_35_138_; 36; Range; 10; 0; 0; 0; 0; 0; 0
Goesser_35_138_; 36; Stdev; 2.48193; 0; 0; 0; 0; 0; 0
Goesser_35_138_; 37; Median; 9; 0; 0; 0; 0; -0; 0
Goesser_35_138_; 37; Mean; 8.9; 0.00762558; -0.0090034; 0.0181441; 1.83334; 7.11354; -3.51238
Goesser_35_138_; 37; Range; 7; 0.152512; 0.180068; 0.362882; 36.6668; 142.271; 70.2476
Goesser_35_138_; 37; Stdev; 1.9975; 0.0332391; 0.0392449; 0.0790883; 7.99134; 31.0072; 15.3101
Goesser_35_138_; 38; Median; 8; 0; 0; 0; 0; -0; 0
Goesser_35_138_; 38; Mean; 7.9; 0; 0; 0; 0; 0; 0
Goesser_35_138_; 38; Range; 8; 0; 0; 0; 0; 0; 0
Goesser_35_138_; 38; Stdev; 2.23383; 0; 0; 0; 0; 0; 0
Goesser_35_138_; 39; Median; 8; 0; 0; 0; 0; -0; 0
Goesser_35_138_; 39; Mean; 8.4; 0.00640071; -0.00207841; 0.0401634; 9.26426; 3.81174; -0.566717
Goesser_35_138_; 39; Range; 9; 0.563708; 0.11989; 0.485944; 101.352; 151.89; 210.712
Goesser_35_138_; 39; Stdev; 2.51794; 0.091175; 0.0199554; 0.123405; 27.9289; 26.5993; 33.3599
Goesser_35_138_; 40; Median; 8; 0; 0; 0; 0; -0; 0
Goesser_35_138_; 40; Mean; 8.15; 0; 0; 0; 0; 0; 0
Goesser_35_138_; 40; Range; 6; 0; 0; 0; 0; 0; 0
Goesser_35_138_; 40; Stdev; 1.76847; 0; 0; 0; 0; 0; 0
Goesser_35_138_; 41; Median; 8; 0; 0; 0; 0; -0; 0
Goesser_35_138_; 41; Mean; 7.2; 0; 0; 0; 0; 0; 0
Goesser_35_138_; 41; Range; 10; 0; 0; 0; 0; 0; 0
Goesser_35_138_; 41; Stdev; 2.37908; 0; 0; 0; 0; 0; 0
Goesser_35_138_; 42; Median; 13; 0; 0; 0; 0; -0; 0
Goesser_35_138_; 42; Mean; 12.6; 0; 0; 0; 0; 0; 0
Goesser_35_138_; 42; Range; 10; 0; 0; 0; 0; 0; 0
Goesser_35_138_; 42; Stdev; 2.8178; 0; 0; 0; 0; 0; 0
Goesser_35_138_; 43; Median; 9; 0; 0; 0; 0; -0; 0
Goesser_35_138_; 43; Mean; 9.15; -0.0161006; 0.0142721; 0.0835012; 4.73832; 5.60774; 3.77261
Goesser_35_138_; 43; Range; 9; 0.322012; 0.285442; 1.67002; 94.7663; 112.155; 75.4521
Goesser_35_138_; 43; Stdev; 2.41402; 0.0701808; 0.0622105; 0.363973; 20.6538; 24.4436; 16.4444
Goesser_25_65_; 1; Median; 45; 0; 0; 0; 0; -0; 0
Goesser_25_65_; 1; Mean; 44.35; -0.00588343; -0.00758534; 0.0250872; 8.53586; 2.82956; 7.25614
Goesser_25_65_; 1; Range; 21; 0.117669; 0.151707; 0.501744; 170.717; 56.5911; 145.123
Goesser_25_65_; 1; Stdev; 5.25619; 0.0256453; 0.0330637; 0.109353; 37.2069; 12.3337; 31.6288
Goesser_25_65_; 2; Median; 45; 0; 0; 0; 0; -0; 0
Goesser_25_65_; 2; Mean; 44.15; -0.00986178; -0.00160299; 0.011196; 6.31078; -8.47223; 7.34347
Goesser_25_65_; 2; Range; 21; 0.197236; 0.0320599; 0.22392; 126.216; 169.445; 146.869
Goesser_25_65_; 2; Stdev; 5.98561; 0.0429865; 0.00698728; 0.0488022; 27.5081; 36.9296; 32.0094
Goesser_25_65_; 3; Median; 51; 0; 0; 0; 0; -0; 0
Goesser_25_65_; 3; Mean; 51; -0.00677997; -0.0125545; 0.0639559; 5.36346; -0.128973; 6.61313
Goesser_25_65_; 3; Range; 20; 0.360897; 0.172106; 1.01927; 86.5172; 259.72; 133.576
Goesser_25_65_; 3; Stdev; 5.0892; 0.0605795; 0.0404392; 0.226343; 19.1579; 41.0671; 28.9769
Goesser_25_65_; 4; Median; 55; 0; 0; 0; 0; -0; 0
Goesser_25_65_; 4; Mean; 53.15; 0.00164487; 0.0976858; 0.349874; 28.7332; -30.6951; 20.658
Goesser_25_65_; 4; Range; 18; 0.31659; 0.367032; 1.08771; 169.488; 282.202; 290.772
Goesser_25_65_; 4; Stdev; 5.54324; 0.0778775; 0.132642; 0.422037; 52.856; 72.8432; 63.0611
Goesser_25_65_; 5; Median; 70; 0; 0.167257; 0.673881; 5.67807; -0; 54.102
Goesser_25_65_; 5; Mean; 68.3; 0.00805387; 0.126892; 0.528594; 19.7808; -5.93255; 51.3382
Goesser_25_65_; 5; Range; 27; 0.280183; 0.348913; 1.09819; 172.508; 352.231; 240.498
Goesser_25_65_; 5; Stdev; 6.86367; 0.0684597; 0.120837; 0.458624; 40.8045; 108.808; 65.1677
Goesser_25_65_; 6; Median; 70; 0.0481635; 0.156667; 1.15223; 9.63061; -156.872; 57.4349
Goesser_25_65_; 6; Mean; 71.2; 0.0148667; 0.16584; 1.1098; 27.9751; -41.2506; 36.2191
Goesser_25_65_; 6; Range; 26; 0.202124; 0.269119; 0.564982; 165.409; 347.382; 308.509
Goesser_25_65_; 6; Stdev; 6.03821; 0.0571176; 0.0735271; 0.110652; 45.1794; 149.073; 79.5088
Goesser_25_65_; 7; Median; 68; 0.0578749; 0.0983626; 1.24901; 9.04519; -157.643; 58.9754
Goesser_25_65_; 7; Mean; 68.8; 0.0358183; 0.117928; 1.22479; 16.9123; -104.165; 61.0261
Goesser_25_65_; 7; Range; 25; 0.171451; 0.159812; 0.408079; 176.651; 337.669; 245.836
Goesser_25_65_; 7; Stdev; 6.55439; 0.0500287; 0.0498742; 0.0971723; 36.9946; 113.01; 46.3021
Goesser_25_65_; 8; Median; 83; 0.0718744; 0.0470853; 1.33671; 6.09533; -158.014; 59.6621
Goesser_25_65_; 8; Mean; 82.55; 0.0684907; 0.045749; 1.33722; 6.27795; -159.274; 59.4895
Goesser_25_65_; 8; Range; 19; 0.0332256; 0.0383808; 0.0586544; 4.91214; 11.7508; 12.0962
Goesser_25_65_; 8; Stdev; 5.56305; 0.00761741; 0.00836324; 0.0159851; 1.16323; 2.70596; 2.63572
Goesser_25_65_; 9; Median; 83; 0.0584598; -0.00242135; 1.44653; 6.68835; -159.667; 59.3701
Goesser_25_65_; 9; Mean; 81.7; 0.0528219; 0.000405508; 1.44447; 6.30832; -144.093; 60.9707
Goesser_25_65_; 9; Range; 22; 0.130468; 0.14835; 0.178123; 6.54511; 323.55; 54.5927
Goesser_25_65_; 9; Stdev; 6.55057; 0.0251503; 0.0286769; 0.0336382; 1.47277; 68.9969; 10.4519
Goesser_25_65_; 10; Median; 62; 0.06447; -0.0648553; 1.56026; 7.41564; -159.423; 59.0319
Goesser_25_65_; 10; Mean; 64.45; 0.0649753; -0.0658552; 1.55535; 7.14885; -159.626; 58.6068
Goesser_25_65_; 10; Range; 21; 0.0188874; 0.0210324; 0.084636; 2.86432; 6.22864; 6.20676
Goesser_25_65_; 10; Stdev; 5.34299; 0.00462802; 0.00527034; 0.0185956; 0.748107; 1.54143; 1.80864
Goesser_25_65_; 11; Median; 47; 0.108559; -0.115257; 1.67326; 7.27755; -160.148; 60.2721
Goesser_25_65_; 11; Mean; 47.85; 0.10408; -0.118353; 1.65154; 6.87454; -161.509; 59.4296
Goesser_25_65_; 11; Range; 19; 0.070789; 0.0474776; 0.0996223; 6.98108; 22.9978; 13.2101
Goesser_25_65_; 11; Stdev; 5.43392; 0.0162303; 0.0135866; 0.0358758; 2.15524; 5.21777; 3.76766
Goesser_25_65_; 12; Median; 40; 0.0753192; -0.162414; 1.72351; 7.33449; -159.839; 58.9503
Goesser_25_65_; 12; Mean; 39.05; 0.0725983; -0.167487; 1.73357; 7.31036; -160.769; 58.7995
Goesser_25_65_; 12; Range; 18; 0.0314465; 0.0492944; 0.219135; 11.7188; 11.333; 10.4481
Goesser_25_65_; 12; Stdev; 4.64193; 0.00792406; 0.0109148; 0.0451125; 2.25716; 2.80117; 2.33264
Goesser_25_65_; 13; Median; 40; 0.0377227; -0.193264; 1.78403; 9.02915; -159.564; 58.2959
Goesser_25_65_; 13; Mean; 39.15; 0.0199963; -0.175898; 1.77384; 8.41302; -95.1307; 65.961
Goesser_25_65_; 13; Range; 26; 0.118189; 0.169513; 0.165833; 15.3511; 342.773; 67.8891
Goesser_25_65_; 13; Stdev; 5.65928; 0.0391212; 0.0527059; 0.0391243; 3.59521; 130.373; 21.2035
Goesser_25_65_; 14; Median; 32; 0.053876; -0.243869; 1.87135; 7.128; -159.793; 59.8847
Goesser_25_65_; 14; Mean; 30.9; 0.0383775; -0.231389; 1.86093; 15.8976; -120.952; 57.2318
Goesser_25_65_; 14; Range; 12; 0.182395; 0.168875; 0.381633; 176.985; 317.945; 180.419
Goesser_25_65_; 14; Stdev; 2.91376; 0.0456287; 0.0472882; 0.098396; 37.4875; 97.1085; 33.4109
Goesser_25_65_; 15; Median; 29; 0.049059; -0.266136; 1.94616; 9.83936; -153.88; 56.4677
Goesser_25_65_; 15; Mean; 29.85; 0.0471678; -0.256776; 1.80833; 25.7623; -120.306; 45.0569
Goesser_25_65_; 15; Range; 16; 0.178348; 0.308086; 2.03459; 176.111; 237.923; 219.382
Goesser_25_65_; 15; Stdev; 3.91504; 0.0342172; 0.0643495; 0.443923; 49.9654; 67.0596; 52.2746
Goesser_25_65_; 16; Median; 25; 0.00164359; -0.323516; 1.99499; 9.08959; -152.448; 56.4231
Goesser_25_65_; 16; Mean; 24.7; -0.0215038; -0.27317; 1.76874; 24.2969; -61.4158; 41.8941
Goesser_25_65_; 16; Range; 12; 0.249622; 0.390033; 2.35571; 178.703; 332.409; 248.058
Goesser_25_65_; 16; Stdev; 3.66197; 0.0591806; 0.109984; 0.639393; 51.2293; 127.466; 61.5154
Goesser_25_65_; 17; Median; 21; 0.0230302; -0.348197; 2.03799; 7.78275; -154.587; 52.098
Goesser_25_65_; 17; Mean; 20.25; 0.00790068; -0.298243; 1.70835; 24.1769; -68.2006; 40.2933
Goesser_25_65_; 17; Range; 10; 0.197084; 0.510144; 2.33024; 177.752; 347.796; 197.954
Goesser_25_65_; 17; Stdev; 3.23844; 0.0525288; 0.140407; 0.770776; 50.7252; 117.758; 49.5486
Goesser_25_65_; 18; Median; 21; 0.00322936; -0.36023; 2.16827; 8.07506; -14.6671; 50.0998
Goesser_25_65_; 18; Mean; 20.35; 0.00298651; -0.282698; 1.55666; 33.4505; -57.8906; 24.52
Goesser_25_65_; 18; Range; 15; 0.194796; 0.64316; 2.79175; 178.102; 342.198; 179.928
Goesser_25_65_; 18; Stdev; 4.01591; 0.0492807; 0.213117; 1.06399; 60.1991; 105.232; 46.8193
Goesser_25_65_; 19; Median; 20; 0; 0; 1.80203; 2.27027; -0; 0
Goesser_25_65_; 19; Mean; 19.7; -0.0163723; -0.21793; 1.0993; 19.4412; -42.749; 25.5493
Goesser_25_65_; 19; Range; 14; 0.364217; 0.545036; 2.44766; 178.053; 317.655; 242.093
Goesser_25_65_; 19; Stdev; 3.93827; 0.0702129; 0.227342; 1.10944; 41.4857; 87.6954; 48.6768
Goesser_25_65_; 20; Median; 22; 0; 0; 0; 0; -0; 0
Goesser_25_65_; 20; Mean; 22.95; 0.0286321; -0.176355; 0.781621; 19.191; -27.4575; 6.74099
Goesser_25_65_; 20; Range; 12; 0.258264; 0.691352; 2.7585; 178.423; 313.341; 253.769
Goesser_25_65_; 20; Stdev; 3.91759; 0.0598498; 0.250436; 1.06422; 44.9326; 81.3912; 46.0815
Goesser_25_65_; 21; Median; 18; 0; -0.134378; 1.96631; 12.5914; -0; 0
Goesser_25_65_; 21; Mean; 17.9; 0.012779; -0.275802; 1.19759; 44.5833; -20.2251; -6.60648
Goesser_25_65_; 21; Range; 11; 0.271233; 0.637596; 2.83711; 179.489; 297.767; 231.132
Goesser_25_65_; 21; Stdev; 3.1607; 0.0683946; 0.270907; 1.1858; 68.2689; 85.7906; 56.0377
Goesser_25_65_; 22; Median; 17; 0; 0; 0; 0; -0; 0
Goesser_25_65_; 22; Mean; 17.55; 0.0242917; -0.0788106; 0.256342; 9.02289; -16.0449; -10.1115
Goesser_25_65_; 22; Range; 14; 0.237996; 0.644008; 2.55938; 81.8589; 274.005; 153.909
Goesser_25_65_; 22; Stdev; 2.94066; 0.0606338; 0.177401; 0.682249; 22.8636; 58.9963; 34.7228
Goesser_25_65_; 23; Median; 22; 0; 0; 0; 0; -0; 0
Goesser_25_65_; 23; Mean; 21.45; 0; 0; 0; 0; 0; 0
Goesser_25_65_; 23; Range; 14; 0; 0; 0; 0; 0; 0
Goesser_25_65_; 23; Stdev; 3.69425; 0; 0; 0; 0; 0; 0
Goesser_25_65_; 24; Median; 25; 0; 0; 0; 0; -0; 0
Goesser_25_65_; 24; Mean; 25.4; 0; 0; 0; 0; 0; 0
Goesser_25_65_; 24; Range; 16; 0; 0; 0; 0; 0; 0
Goesser_25_65_; 24; Stdev; 4.53211; 0; 0; 0; 0; 0; 0
Goesser_25_65_; 25; Median; 24; 0; 0; 0; 0; -0; 0
Goesser_25_65_; 25; Mean; 24.6; -0.000798274; -0.0143639; 0.0124205; 0.950008; -7.72591; -5.07147
Goesser_25_65_; 25; Range; 14; 0.0159655; 0.287278; 0.248409; 19.0002; 154.518; 101.429
Goesser_25_65_; 25; Stdev; 3.55528; 0.0034796; 0.0626108; 0.0541395; 4.14099; 33.6765; 22.106
Goesser_25_65_; 26; Median; 24; 0; 0; 0; 0; -0; 0
Goesser_25_65_; 26; Mean; 24.85; 0; 0; 0; 0; 0; 0
Goesser_25_65_; 26; Range; 18; 0; 0; 0; 0; 0; 0
Goesser_25_65_; 26; Stdev; 4.4975; 0; 0; 0; 0; 0; 0
Goesser_25_65_; 27; Median; 27; 0; 0; 0; 0; -0; 0
Goesser_25_65_; 27; Mean; 25.95; 0.0190315; 0.0065305; 0.0108906; 7.76023; 2.95822; -1.69822
Goesser_25_65_; 27; Range; 14; 0.38063; 0.13061; 0.217812; 155.205; 59.1644; 33.9644
Goesser_25_65_; 27; Stdev; 3.5139; 0.0829564; 0.0284658; 0.0474711; 33.8261; 12.8946; 7.40238
