goesser_20_55_; 186; 175; 245; 251; 212; 199; 202; 197; 250; 272; 262; 229; 
Goesser_25_65_; 236; 269; 274; 311; 271; 265; 260; 253; 284; 289; 299; 233; 
Goesser_35_88_; 303; 324; 287; 302; 292; 334; 307; 307; 305; 307; 328; 286; 
Goesser_45_109_; 297; 348; 351; 292; 300; 319; 326; 324; 319; 350; 332; 310; 
Goesser_55_126_; 332; 329; 378; 345; 371; 322; 328; 333; 352; 314; 350; 321; 
Goesser_62_136_; 312; 310; 313; 375; 361; 342; 333; 338; 296; 344; 358; 315; 
Goesser_35_63_; 630; 646; 590; 590; 528; 605; 649; 612; 603; 613; 666; 645; 
Goesser_35_115_; 192; 207; 187; 201; 173; 222; 196; 182; 197; 197; 225; 215; 
Goesser_35_138_; 150; 155; 125; 126; 123; 147; 126; 126; 151; 120; 164; 137; 

Goesser_16_55_; 134; 131; 125; 138; 148; 167; 151; 149; 145; 173; 146; 166; 135; 136; 131; 124; 138; 114; 115; 115; 140; 121; 126; 144; 155; 153; 155; 160; 159; 149; 168; 160; 159; 155; 157; 133; 157; 
Goesser_20_55_; 190; 192; 202; 226; 203; 212; 256; 216; 217; 227; 232; 237; 249; 214; 212; 197; 211; 168; 178; 183; 209; 221; 223; 228; 222; 230; 265; 279; 272; 251; 258; 266; 263; 243; 203; 244; 225; 
Goesser_35_138_37_; 112; 122; 114; 138; 162; 146; 113; 119; 139; 128; 112; 110; 116; 116; 118; 113; 135; 163; 141; 140; 156; 153; 156; 135; 140; 141; 162; 150; 149; 139; 151; 154; 145; 160; 152; 146; 137; 
