Linear Detection Measurement - Goesser_55_126_
Pose p; Framenumber n; number of detected matches; targetpose px[m]; py[m]; pz[m]; rotx[°]; roty[°]; rotz[°]
Pose p; calculate Median
Pose p; calculate Mittelwert
Pose p; calculate Spannweite
Pose p; calculate Stdev
1; 1; 69; 0.136199; 0.165804; 1.41585; 28.7826; -165.226; 16.1293
1; 2; 71; 0.131982; 0.171823; 1.40186; 31.6834; -165.388; 14.9848
1; 3; 66; 0.131405; 0.164743; 1.41604; 29.2552; -166.468; 16.357
1; 4; 66; 0.125325; 0.169656; 1.41409; 30.8526; -168.317; 15.5085
1; 5; 65; 0.10855; 0.172179; 1.37558; 32.3565; -168.744; 16.5877
1; 6; 80; 0.142304; 0.177513; 1.41523; 31.7578; -162.508; 16.2383
1; 7; 74; 0.130796; 0.16378; 1.40066; 28.6726; -166.157; 15.3615
1; 8; 68; 0.130971; 0.16618; 1.41801; 29.6811; -166.106; 16.0678
1; 9; 76; 0.130964; 0.157756; 1.49083; 29.0377; -168.506; 16.57
1; 10; 73; 0.135978; 0.166603; 1.41041; 29.0752; -164.993; 15.7503
1; 11; 59; 0.132206; 0.167331; 1.39578; 29.9179; -166.255; 15.545
1; 12; 79; 0.126665; 0.158056; 1.45556; 28.8602; -169.944; 16.2436
1; 13; 73; 0.135545; 0.167652; 1.40755; 29.3251; -164.831; 15.9641
1; 14; 67; 0.130954; 0.159653; 1.41423; 27.6692; -166.265; 16.4345
1; 15; 78; 0.137616; 0.165565; 1.39789; 28.5334; -164.683; 16.754
1; 16; 68; 0.141938; 0.168635; 1.40326; 29.3147; -163.001; 15.8877
1; 17; 80; 0.117308; 0.16436; 1.4049; 30.0198; -169.163; 15.9883
1; 18; 67; 0.110367; 0.192769; 1.29909; 36.6579; -163.374; 16.3502
1; 19; 61; 0.133003; 0.17325; 1.41093; 31.3799; -164.505; 16.3249
1; 20; 66; 0.130804; 0.169481; 1.41898; 30.2568; -167.146; 16.2932
1; Median: 69; 0.131405; 0.167331; 1.41093; 16.2383; -166.106; 29.6811
1; Mean: 70.3; 0.130044; 0.168139; 1.40834; 16.067; -166.079; 30.1545
1; Range: 21; 0.0337539; 0.0350129; 0.191736; 1.76914; 7.43607; 8.98869
1; Stdev: 5.98415; 0.00871857; 0.00741734; 0.0338356; 0.440443; 2.02145; 1.91731
2; 1; 70; 0.13507; 0.167392; 1.40078; 29.499; -164.847; 15.87
2; 2; 68; 0.131352; 0.165313; 1.40172; 29.3395; -166.077; 15.5592
2; 3; 68; 0.229696; -0.168268; 1.49955; -39.6112; -170.168; 16.2236
2; 4; 75; 0.143834; 0.178172; 1.39964; 31.9149; -162.632; 14.8345
2; 5; 66; 0.128563; 0.166426; 1.4176; 29.6554; -167.689; 15.3391
2; 6; 72; 0.119553; 0.174165; 1.41842; 33.2832; -169.94; 15.1328
2; 7; 71; 0.136609; 0.161946; 1.42117; 28.1393; -165.648; 16.4422
2; 8; 64; 0.140927; 0.167843; 1.40247; 28.4245; -163.768; 17.2227
2; 9; 73; 0.130219; 0.165413; 1.40167; 29.3047; -166.099; 15.9061
2; 10; 70; 0.140539; 0.166876; 1.39851; 28.4798; -163.841; 16.6838
2; 11; 72; 0.12873; 0.163072; 1.4123; 28.838; -166.691; 16.1103
2; 12; 65; 0.137892; 0.175718; 1.40851; 31.1566; -163.696; 16.6197
2; 13; 79; 0.122997; 0.170542; 1.39809; 31.3573; -168.036; 15.4413
2; 14; 62; 0.144278; 0.156402; 1.43541; 26.8634; -166.361; 15.1246
2; 15; 66; 0.146203; 0.166628; 1.4112; 28.289; -163.333; 16.6039
2; 16; 65; 0.14439; 0.171842; 1.38225; 29.5373; -162.462; 16.0366
2; 17; 65; 0.134462; 0.165304; 1.41723; 28.8131; -165.422; 16.3182
2; 18; 79; 0.134715; 0.166556; 1.40799; 29.7463; -165.317; 15.1563
2; 19; 62; 0.15106; 0.159647; 1.39195; 26.5484; -162.216; 16.0086
2; 20; 64; 0.132914; 0.163527; 1.39847; 28.6093; -165.621; 15.3225
2; Median: 68; 0.136609; 0.166556; 1.40799; 16.0086; -165.422; 29.3047
2; Mean: 68.8; 0.1407; 0.150226; 1.41125; 15.8978; -165.493; 25.9094
2; Range: 17; 0.110143; 0.346439; 0.117302; 2.38822; 7.95159; 72.8944
2; Stdev: 4.9558; 0.0218338; 0.0732442; 0.0232835; 0.62767; 2.21378; 15.1127
3; 1; 107; 0.180592; 0.0917755; 1.48447; 26.1619; -161.326; 17.2359
3; 2; 110; 0.199821; 0.116889; 1.36216; 30.0053; -154.589; 15.68
3; 3; 111; 0.15797; 0.100257; 1.44692; 28.7238; -164.29; 16.5326
3; 4; 110; 0.154905; 0.0990269; 1.44628; 28.703; -164.948; 16.0912
3; 5; 100; 0.160173; 0.101504; 1.44014; 28.6112; -163.482; 17.3706
3; 6; 104; 0.156368; 0.0986867; 1.44975; 28.5511; -164.773; 16.159
3; 7; 106; 0.143401; 0.119583; 1.43745; 37.1388; -166.189; 15.2241
3; 8; 101; 0.152256; 0.100212; 1.44414; 29.1183; -165.357; 16.1995
3; 9; 104; 0.158583; 0.0978384; 1.44894; 28.2728; -164.488; 16.1379
3; 10; 100; 0.151535; 0.0958961; 1.42894; 28.5853; -165.647; 15.8601
3; 11; 95; 0.153209; 0.10303; 1.43549; 29.3491; -164.922; 16.4097
3; 12; 108; 0.16323; 0.101744; 1.44368; 28.5787; -162.145; 16.6998
3; 13; 110; 0.167394; 0.0953573; 1.45032; 27.5509; -163.125; 15.5075
3; 14; 100; 0.159084; 0.101147; 1.447; 28.9679; -163.848; 16.0652
3; 15; 111; 0.147127; 0.0998836; 1.45379; 29.825; -167.718; 15.7664
3; 16; 124; 0.158729; 0.100167; 1.44843; 28.7507; -164.148; 16.1601
3; 17; 101; 0.166965; 0.0886442; 1.47315; 26.2287; -164.27; 15.6849
3; 18; 104; 0.155544; 0.0995115; 1.43789; 28.8309; -164.628; 16.0716
3; 19; 102; 0.150838; 0.10031; 1.44973; 30.1189; -166.676; 15.2282
3; 20; 107; 0.15323; 0.100023; 1.44509; 29.1213; -165.4; 15.9281
3; Median: 106; 0.15797; 0.100167; 1.44692; 16.0912; -164.488; 28.7507
3; Mean: 105.75; 0.159548; 0.100574; 1.44369; 16.1006; -164.098; 29.0597
3; Range: 29; 0.0564204; 0.0309391; 0.122307; 2.14654; 13.129; 10.9768
3; Stdev: 6.05702; 0.0121154; 0.00678511; 0.0221891; 0.547422; 2.60256; 2.10456
4; 1; 88; 0.164981; 0.0202612; 1.48709; 30.5273; -164.111; 15.7279
4; 2; 106; 0.165999; 0.0295279; 1.49603; 33.4358; -163.279; 14.6502
4; 3; 104; 0.169396; 0.00815074; 1.5052; 27.8724; -164.081; 16.6701
4; 4; 104; 0.162508; 0.00615753; 1.50807; 28.481; -165.596; 15.2689
4; 5; 104; 0.161317; 0.0118112; 1.49489; 29.2558; -165.335; 15.1087
4; 6; 111; 0.153537; 0.0122189; 1.51407; 31.4999; -167.844; 13.1858
4; 7; 90; 0.163714; -0.0161976; 1.51859; 23.9983; -166.652; 16.392
4; 8; 100; 0.171131; 0.00930793; 1.51717; 28.8191; -163.633; 16.7784
4; 9; 94; 0.170107; 0.00770236; 1.50931; 28.2861; -163.915; 15.9165
4; 10; 113; 0.162067; 0.00710857; 1.51202; 29.1265; -165.763; 14.1171
4; 11; 99; 0.159793; 0.00693534; 1.50395; 28.8716; -166.36; 15.0479
4; 12; 100; 0.157074; -0.00793469; 1.51725; 26.2234; -167.49; 15.5189
4; 13; 99; 0.17461; 0.0208761; 1.48054; 29.9505; -161.8; 16.0991
4; 14; 85; 0.161813; 0.0131349; 1.48883; 29.5273; -164.881; 15.1426
4; 15; 90; 0.163274; 0.00815912; 1.51495; 28.9763; -165.553; 14.7363
4; 16; 107; 0.139011; -0.374016; 1.40921; -49.6832; 167.162; 11.0946
4; 17; 110; 0.167327; 0.00655092; 1.50602; 28.293; -164.556; 15.3539
4; 18; 103; 0.164302; 0.00667125; 1.50775; 28.4305; -165.188; 15.284
4; 19; 96; 0.161374; 0.0280305; 1.45475; 31.6787; -163.049; 15.8051
4; 20; 98; 0.165233; 0.0182986; 1.48502; 30.1789; -164.319; 15.8287
4; Median: 100; 0.163714; 0.00815912; 1.50602; 15.3539; -164.556; 28.9763
4; Mean: 100.05; 0.162928; -0.00886226; 1.49654; 15.1863; -148.312; 25.1875
4; Range: 28; 0.0355987; 0.403544; 0.109375; 5.68376; 335.006; 83.1191
4; Stdev: 7.61233; 0.00724418; 0.0843936; 0.0252792; 1.24909; 72.3894; 17.2831
5; 1; 42; 0.19824; -0.0963278; 1.56501; 29.2293; -167.291; 16.4
5; 2; 34; 0.208284; -0.102557; 1.56584; 25.9833; -163.973; 16.6174
5; 3; 39; 0.161645; -0.0880642; 1.56796; 32.4018; -173.318; 15.2075
5; 4; 43; 0.193406; -0.0780379; 1.52549; 31.2962; -166.677; 15.151
5; 5; 42; 0.205709; -0.0973627; 1.56493; 28.0324; -165.14; 16.0033
5; 6; 36; 0.295864; -0.472476; 1.65195; -46.1533; -172.35; 13.3976
5; 7; 44; 0.223053; -0.109514; 1.57989; 23.9886; -162.353; 16.358
5; 8; 37; 0.181368; -0.0804904; 1.51448; 30.523; -169.435; 15.8516
5; 9; 30; 0.212065; -0.0803956; 1.52189; 28.5063; -161.88; 13.9762
5; 10; 43; 0.15457; -0.10907; 1.60693; 30.0444; -175.687; 19.6847
5; 11; 41; 0.344872; -0.46631; 1.63454; -48.33; -161.963; 16.6231
5; 12; 39; 0.223338; -0.52724; 1.60075; -56.2014; 173.742; 9.88964
5; 13; 40; 0.200751; -0.094568; 1.61264; 30.7624; -167.631; 15.7323
5; 14; 38; 0.191381; -0.10215; 1.56442; 28.0372; -169.089; 14.9117
5; 15; 44; 0.206306; -0.0729745; 1.49558; 31.706; -163.955; 14.4258
5; 16; 36; 0.207057; -0.0981588; 1.56515; 28.0206; -164.261; 15.8301
5; 17; 39; 0.22403; -0.0819946; 1.48986; 25.1625; -158.721; 16.8373
5; 18; 40; 0.198789; -0.10548; 1.56707; 26.4914; -166.7; 16.2267
5; 19; 31; 0.210339; -0.487837; 1.33696; -62.8877; -178.879; 11.4347
5; 20; 40; 0.204545; -0.101531; 1.56537; 26.8366; -165.084; 18.0186
5; Median: 40; 0.206306; -0.0981588; 1.56537; 15.8516; -165.14; 28.0324
5; Mean: 38.9; 0.21228; -0.172627; 1.55484; 15.4289; -150.032; 12.1725
5; Range: 14; 0.190302; 0.454266; 0.314995; 9.79503; 352.621; 95.2896
5; Stdev: 3.87169; 0.0407946; 0.158602; 0.0649278; 2.08708; 74.4372; 32.9856
6; 1; 25; 0.182537; -0.567732; 1.51903; -58.163; 163.13; 8.98057
6; 2; 26; 0.211131; -0.148143; 1.58106; 30.0753; -165.936; 15.8991
6; 3; 31; 0.220615; -0.172371; 1.61444; 23.7952; -165.174; 16.8744
6; 4; 31; 0.180601; -0.571353; 1.57545; -55.5702; 163.527; 9.06471
6; 5; 29; 0.273946; -0.669123; 1.57238; -76.8939; 176.394; 9.92621
6; 6; 32; 0.21883; -0.155867; 1.58047; 27.1078; -164.763; 16.3062
6; 7; 32; 0.239993; -0.162014; 1.5904; 19.3923; -159.109; 24.1248
6; 8; 32; 0.234937; -0.160722; 1.59118; 22.9866; -159.482; 18.7415
6; 9; 33; 0.216318; -0.157536; 1.60031; 27.0571; -165.483; 17.4966
6; 10; 33; 0.224412; -0.15937; 1.59951; 26.0434; -163.523; 16.9158
6; 11; 32; 0.2118; -0.153878; 1.59215; 28.8262; -165.957; 16.693
6; 12; 28; 0.222242; -0.163725; 1.60093; 24.9372; -163.793; 17.5906
6; 13; 30; 0.231312; -0.154123; 1.60111; 27.2529; -160.822; 19.1611
6; 14; 32; 0.223454; -0.15439; 1.59636; 26.9605; -163.439; 18.6914
6; 15; 28; 0.226835; -0.155157; 1.59382; 27.5182; -162.493; 16.3742
6; 16; 21; 0.199445; -0.0649338; 1.4237; 45.4652; -166.461; 9.39627
6; 17; 29; 0.243901; -0.425873; 1.6373; -30.3687; 179.041; 22.6027
6; 18; 29; 0.232473; -0.168896; 1.58419; 20.183; -162.247; 17.5926
6; 19; 40; 0.232819; -0.608876; 1.67769; -57.8428; 170.654; 9.05286
6; 20; 33; 0.204704; -0.156415; 1.59296; 28.4872; -168.964; 15.8757
6; Median: 31; 0.223454; -0.15937; 1.59296; 16.8744; -162.493; 26.0434
6; Mean: 30.3; 0.221615; -0.256525; 1.58622; 15.868; -80.2449; 6.36248
6; Range: 19; 0.0933451; 0.604189; 0.253983; 15.1442; 348.005; 122.359
6; Stdev: 3.74299; 0.0204408; 0.185754; 0.0469925; 4.29996; 144.85; 36.9649
7; 1; 26; 0.244052; -0.223158; 1.65968; 26.3745; -147.631; 21.3985
7; 2; 25; 0.177074; -0.640684; 1.61513; -55.527; 164.429; 12.5974
7; 3; 20; 0.115846; -0.668043; 1.56573; -63.6727; 157.46; 1.35433
7; 4; 23; 0.123925; -0.694095; 1.57115; 110.732; 21.8654; 179.703
7; 5; 22; 0.225038; -0.326049; 1.69585; 0.944214; -164.476; 22.5847
7; 6; 30; 0.204812; -0.245597; 1.65525; 23.6798; -162.393; 18.5433
7; 7; 29; 0.24042; -0.0933429; 1.2383; -16.3729; -122.641; 67.5867
7; 8; 25; 0.19288; -0.618931; 1.34951; -69.6579; 172.754; 9.17686
7; 9; 20; 0.125578; -0.693114; 1.29352; 88.2883; 10.4212; 171.698
7; 10; 23; 0.188289; -0.253326; 1.63302; 22.9786; -168.569; 14.4119
7; 11; 21; 0.18421; -0.238686; 1.61518; 26.0947; -167.661; 17.1826
7; 12; 28; 0.212579; -0.247081; 1.65195; 19.87; -162.005; 22.8313
7; 13; 26; 0.110088; -0.676949; 1.41629; 105.621; 18.4383; 174.567
7; 14; 25; 0.122378; -0.683768; 1.4996; 108.352; 21.6253; 178.914
7; 15; 27; 0.211199; -0.233966; 1.62669; 26.6369; -160.259; 15.1326
7; 16; 24; 0.181952; -0.19375; 1.58578; 37.9148; -166.036; 12.0357
7; 17; 20; 0.190529; -0.261242; 1.70356; 24.0187; -171.328; 15.5322
7; 18; 25; 0.120964; -0.691045; 1.57563; -67.6128; 156.449; 0.439752
7; 19; 28; 0.19369; -0.256633; 1.68369; 25.1516; -166.09; 15.0196
7; 20; 24; 0.247722; -0.193012; 1.37255; -20.2387; -104.584; 66.8762
7; Median: 25; 0.190529; -0.256633; 1.61513; 18.5433; -122.641; 24.0187
7; Mean: 24.55; 0.180661; -0.406624; 1.5504; 51.8793; -57.0115; 17.6788
7; Range: 10; 0.137634; 0.600752; 0.465258; 179.263; 344.082; 180.39
7; Stdev: 2.92361; 0.044434; 0.220167; 0.13696; 64.3779; 129.749; 54.8444
8; 1; 19; 0.0536905; -0.0248506; 1.24006; 134.037; -178.705; 12.37
8; 2; 20; 0.028254; -0.42794; 0.334753; -108.854; -143.397; 4.59018
8; 3; 17; -0.003647; -0.266211; 0.707733; 178.637; -20.0893; 143.639
8; 4; 22; 0; 0; 0; 0; -0; 0
8; 5; 19; 0.152786; -0.324957; 1.72792; 31.7714; -170.345; 12.5114
8; 6; 14; 0; 0; 0; 0; -0; 0
8; 7; 21; 0; 0; 0; 0; -0; 0
8; 8; 17; 0.167857; -0.302678; 1.64525; 32.2501; -164.399; 16.2897
8; 9; 16; 0; 0; 0; 0; -0; 0
8; 10; 14; 0; 0; 0; 0; -0; 0
8; 11; 13; 0; 0; 0; 0; -0; 0
8; 12; 15; 0.15593; -0.30567; 1.75248; 37.8296; -168.368; 11.1496
8; 13; 13; 0; 0; 0; 0; -0; 0
8; 14; 18; 0.187117; -0.167584; 1.37326; -90.7199; -50.5224; 171.081
8; 15; 18; 0; 0; 0; 0; -0; 0
8; 16; 14; 0.210529; -0.321699; 1.76172; 27.7154; -152.589; 20.6132
8; 17; 22; 0.151957; -0.0678146; 0.960992; 90.3143; -148.673; 4.48688
8; 18; 13; 0; 0; 0; 0; -0; 0
8; 19; 18; 0; 0; 0; 0; -0; 0
8; 20; 10; 0.192611; -0.00141836; 0.881406; 51.0855; -156.737; 8.95596
8; Median: 17; 0; 0; 0.334753; 4.48688; -0; 0
8; Mean: 16.65; 0.0648543; -0.110541; 0.619279; 20.2843; -67.6913; 19.2033
8; Range: 12; 0.214176; 0.42794; 1.76172; 171.081; 178.705; 287.491
8; Stdev: 3.25998; 0.0821377; 0.147826; 0.704776; 46.3234; 76.8629; 62.2881
9; 1; 11; 0; 0; 0; 0; -0; 0
9; 2; 11; 0; 0; 0; 0; -0; 0
9; 3; 15; 0; 0; 0; 0; -0; 0
9; 4; 14; 0.218843; -0.259621; 1.47591; -97.4162; -32.5011; 175.834
9; 5; 9; 0; 0; 0; 0; -0; 0
9; 6; 16; 0; 0; 0; 0; -0; 0
9; 7; 16; 0; 0; 0; 0; -0; 0
9; 8; 19; 0; 0; 0; 0; -0; 0
9; 9; 5; 0; 0; 0; 0; -0; 0
9; 10; 9; 0.227837; -0.359498; 1.53407; 26.9703; -153.585; 21.3902
9; 11; 10; 0; 0; 0; 0; -0; 0
9; 12; 13; 0; 0; 0; 0; -0; 0
9; 13; 16; 0; 0; 0; 0; -0; 0
9; 14; 13; 0.230123; -0.235811; 0.423609; -18.6967; -35.3878; 37.4934
9; 15; 13; 0; 0; 0; 0; -0; 0
9; 16; 15; 0.231442; -0.251247; 1.44705; -101.278; -29.9736; 174.644
9; 17; 12; 0; 0; 0; 0; -0; 0
9; 18; 15; 0; 0; 0; 0; -0; 0
9; 19; 12; 0; 0; 0; 0; -0; 0
9; 20; 13; 0; 0; 0; 0; -0; 0
9; Median: 13; 0; 0; 0; 0; -0; 0
9; Mean: 12.85; 0.0454123; -0.0553088; 0.244032; 20.4681; -12.5724; -9.52102
9; Range: 14; 0.231442; 0.359498; 1.53407; 175.834; 153.585; 128.248
9; Stdev: 3.08666; 0.0908512; 0.112737; 0.529814; 52.394; 34.3759; 30.831
10; 1; 14; 0; 0; 0; 0; -0; 0
10; 2; 9; 0; 0; 0; 0; -0; 0
10; 3; 12; 0; 0; 0; 0; -0; 0
10; 4; 9; 0; 0; 0; 0; -0; 0
10; 5; 9; 0; 0; 0; 0; -0; 0
10; 6; 8; 0; 0; 0; 0; -0; 0
10; 7; 12; 0; 0; 0; 0; -0; 0
10; 8; 6; 0; 0; 0; 0; -0; 0
10; 9; 12; 0; 0; 0; 0; -0; 0
10; 10; 7; 0; 0; 0; 0; -0; 0
10; 11; 8; 0; 0; 0; 0; -0; 0
10; 12; 11; 0; 0; 0; 0; -0; 0
10; 13; 13; 0.202251; -0.463679; 1.54516; 14.2361; -170.489; 26.8256
10; 14; 7; 0.588216; -2.37038; 8.93659; 21.7954; -159.749; 1.28761
10; 15; 10; 0; 0; 0; 0; -0; 0
10; 16; 10; 0; 0; 0; 0; -0; 0
10; 17; 8; 0; 0; 0; 0; -0; 0
10; 18; 11; 0.241381; -0.198877; 0.979166; 48.4966; -112.392; 20.7186
10; 19; 9; 0; 0; 0; 0; -0; 0
10; 20; 9; 0; 0; 0; 0; -0; 0
10; Median: 9; 0; 0; 0; 0; -0; 0
10; Mean: 9.7; 0.0515924; -0.151647; 0.573046; 2.44159; -22.1316; 4.22641
10; Range: 8; 0.588216; 2.37038; 8.93659; 26.8256; 170.489; 48.4966
10; Stdev: 2.1; 0.139988; 0.520255; 1.95757; 7.18088; 53.5828; 11.5594
11; 1; 4; 0; 0; 0; 0; -0; 0
11; 2; 3; 0; 0; 0; 0; -0; 0
11; 3; 6; 0; 0; 0; 0; -0; 0
11; 4; 2; 0; 0; 0; 0; -0; 0
11; 5; 4; 0; 0; 0; 0; -0; 0
11; 6; 6; 0; 0; 0; 0; -0; 0
11; 7; 4; 0; 0; 0; 0; -0; 0
11; 8; 5; 0; 0; 0; 0; -0; 0
11; 9; 3; 0; 0; 0; 0; -0; 0
11; 10; 3; 0; 0; 0; 0; -0; 0
11; 11; 3; 0; 0; 0; 0; -0; 0
11; 12; 2; 0; 0; 0; 0; -0; 0
11; 13; 1; 0; 0; 0; 0; -0; 0
11; 14; 7; 0; 0; 0; 0; -0; 0
11; 15; 2; 0; 0; 0; 0; -0; 0
11; 16; 4; 0; 0; 0; 0; -0; 0
11; 17; 5; 0; 0; 0; 0; -0; 0
11; 18; 7; 0; 0; 0; 0; -0; 0
11; 19; 8; 0; 0; 0; 0; -0; 0
11; 20; 6; 0; 0; 0; 0; -0; 0
11; Median: 4; 0; 0; 0; 0; -0; 0
11; Mean: 4.25; 0; 0; 0; 0; 0; 0
11; Range: 7; 0; 0; 0; 0; 0; 0
11; Stdev: 1.89407; 0; 0; 0; 0; 0; 0
12; 1; 4; 0; 0; 0; 0; -0; 0
12; 2; 5; 0; 0; 0; 0; -0; 0
12; 3; 7; 0; 0; 0; 0; -0; 0
12; 4; 4; 0; 0; 0; 0; -0; 0
12; 5; 4; 0; 0; 0; 0; -0; 0
12; 6; 8; 0; 0; 0; 0; -0; 0
12; 7; 5; 0; 0; 0; 0; -0; 0
12; 8; 6; 0; 0; 0; 0; -0; 0
12; 9; 5; 0; 0; 0; 0; -0; 0
12; 10; 3; 0; 0; 0; 0; -0; 0
12; 11; 6; 0; 0; 0; 0; -0; 0
12; 12; 4; 0; 0; 0; 0; -0; 0
12; 13; 5; 0; 0; 0; 0; -0; 0
12; 14; 7; 0; 0; 0; 0; -0; 0
12; 15; 7; 0.10277; -1.20434; 3.92397; 177.603; 168.254; 56.1576
12; 16; 3; 0; 0; 0; 0; -0; 0
12; 17; 4; 0; 0; 0; 0; -0; 0
12; 18; 5; 0; 0; 0; 0; -0; 0
12; 19; 5; 0; 0; 0; 0; -0; 0
12; 20; 2; 0; 0; 0; 0; -0; 0
12; Median: 5; 0; 0; 0; 0; -0; 0
12; Mean: 4.95; 0.00513852; -0.0602172; 0.196198; 2.80788; 8.41272; 8.88016
12; Range: 6; 0.10277; 1.20434; 3.92397; 56.1576; 168.254; 177.603
12; Stdev: 1.49917; 0.0223983; 0.262481; 0.855209; 12.2393; 36.6702; 38.7077
13; 1; 2; 0; 0; 0; 0; -0; 0
13; 2; 5; 0; 0; 0; 0; -0; 0
13; 3; 2; 0; 0; 0; 0; -0; 0
13; 4; 3; 0; 0; 0; 0; -0; 0
13; 5; 3; 0; 0; 0; 0; -0; 0
13; 6; 4; 0; 0; 0; 0; -0; 0
13; 7; 1; 0; 0; 0; 0; -0; 0
13; 8; 4; 0; 0; 0; 0; -0; 0
13; 9; 1; 0; 0; 0; 0; -0; 0
13; 10; 5; 0; 0; 0; 0; -0; 0
13; 11; 0; 0; 0; 0; 0; -0; 0
13; 12; 1; 0; 0; 0; 0; -0; 0
13; 13; 1; 0; 0; 0; 0; -0; 0
13; 14; 2; 0; 0; 0; 0; -0; 0
13; 15; 2; 0; 0; 0; 0; -0; 0
13; 16; 3; 0; 0; 0; 0; -0; 0
13; 17; 2; 0; 0; 0; 0; -0; 0
13; 18; 8; 0; 0; 0; 0; -0; 0
13; 19; 5; 0; 0; 0; 0; -0; 0
13; 20; 1; 0; 0; 0; 0; -0; 0
13; Median: 2; 0; 0; 0; 0; -0; 0
13; Mean: 2.75; 0; 0; 0; 0; 0; 0
13; Range: 8; 0; 0; 0; 0; 0; 0
13; Stdev: 1.89407; 0; 0; 0; 0; 0; 0
14; 1; 4; 0; 0; 0; 0; -0; 0
14; 2; 3; 0; 0; 0; 0; -0; 0
14; 3; 2; 0; 0; 0; 0; -0; 0
14; 4; 3; 0; 0; 0; 0; -0; 0
14; 5; 4; 0; 0; 0; 0; -0; 0
14; 6; 4; 0; 0; 0; 0; -0; 0
14; 7; 4; 0; 0; 0; 0; -0; 0
14; 8; 3; 0; 0; 0; 0; -0; 0
14; 9; 5; 0; 0; 0; 0; -0; 0
14; 10; 2; 0; 0; 0; 0; -0; 0
14; 11; 4; 0; 0; 0; 0; -0; 0
14; 12; 2; 0; 0; 0; 0; -0; 0
14; 13; 4; 0; 0; 0; 0; -0; 0
14; 14; 2; 0; 0; 0; 0; -0; 0
14; 15; 5; 0; 0; 0; 0; -0; 0
14; 16; 3; 0; 0; 0; 0; -0; 0
14; 17; 6; 0; 0; 0; 0; -0; 0
14; 18; 3; 0; 0; 0; 0; -0; 0
14; 19; 7; 0; 0; 0; 0; -0; 0
14; 20; 5; 0; 0; 0; 0; -0; 0
14; Median: 4; 0; 0; 0; 0; -0; 0
14; Mean: 3.75; 0; 0; 0; 0; 0; 0
14; Range: 5; 0; 0; 0; 0; 0; 0
14; Stdev: 1.33697; 0; 0; 0; 0; 0; 0
15; 1; 4; 0; 0; 0; 0; -0; 0
15; 2; 6; 0; 0; 0; 0; -0; 0
15; 3; 3; 0; 0; 0; 0; -0; 0
15; 4; 3; 0; 0; 0; 0; -0; 0
15; 5; 7; -0.146432; 0.469597; 0.583421; 111.432; -143.632; 2.8202
15; 6; 2; 0; 0; 0; 0; -0; 0
15; 7; 3; 0; 0; 0; 0; -0; 0
15; 8; 2; 0; 0; 0; 0; -0; 0
15; 9; 6; 0; 0; 0; 0; -0; 0
15; 10; 2; 0; 0; 0; 0; -0; 0
15; 11; 6; 0; 0; 0; 0; -0; 0
15; 12; 3; 0; 0; 0; 0; -0; 0
15; 13; 7; 0; 0; 0; 0; -0; 0
15; 14; 3; 0; 0; 0; 0; -0; 0
15; 15; 6; 0; 0; 0; 0; -0; 0
15; 16; 3; 0; 0; 0; 0; -0; 0
15; 17; 4; 0; 0; 0; 0; -0; 0
15; 18; 2; 0; 0; 0; 0; -0; 0
15; 19; 6; 0; 0; 0; 0; -0; 0
15; 20; 3; 0; 0; 0; 0; -0; 0
15; Median: 3; 0; 0; 0; 0; -0; 0
15; Mean: 4.05; -0.0073216; 0.0234799; 0.0291711; 0.14101; -7.18162; 5.57158
15; Range: 5; 0.146432; 0.469597; 0.583421; 2.8202; 143.632; 111.432
15; Stdev: 1.74571; 0.0319141; 0.102346; 0.127154; 0.614649; 31.3039; 24.2859
16; 1; 6; 0; 0; 0; 0; -0; 0
16; 2; 6; 0; 0; 0; 0; -0; 0
16; 3; 4; 0; 0; 0; 0; -0; 0
16; 4; 4; 0; 0; 0; 0; -0; 0
16; 5; 9; 0; 0; 0; 0; -0; 0
16; 6; 5; 0; 0; 0; 0; -0; 0
16; 7; 5; 0; 0; 0; 0; -0; 0
16; 8; 6; 0; 0; 0; 0; -0; 0
16; 9; 7; 0; 0; 0; 0; -0; 0
16; 10; 4; 0; 0; 0; 0; -0; 0
16; 11; 5; 0; 0; 0; 0; -0; 0
16; 12; 3; 0; 0; 0; 0; -0; 0
16; 13; 3; 0; 0; 0; 0; -0; 0
16; 14; 7; 0; 0; 0; 0; -0; 0
16; 15; 3; 0; 0; 0; 0; -0; 0
16; 16; 7; 0; 0; 0; 0; -0; 0
16; 17; 9; 0; 0; 0; 0; -0; 0
16; 18; 4; 0; 0; 0; 0; -0; 0
16; 19; 6; 0; 0; 0; 0; -0; 0
16; 20; 9; 0; 0; 0; 0; -0; 0
16; Median: 6; 0; 0; 0; 0; -0; 0
16; Mean: 5.6; 0; 0; 0; 0; 0; 0
16; Range: 6; 0; 0; 0; 0; 0; 0
16; Stdev: 1.90788; 0; 0; 0; 0; 0; 0
