Linear Detection Measurement - Goesser_35_138_
Pose p; Framenumber n; number of detected matches; targetpose px[m]; py[m]; pz[m]; rotx[°]; roty[°]; rotz[°]
Pose p; calculate Median
Pose p; calculate Mittelwert
Pose p; calculate Spannweite
Pose p; calculate Stdev
1; 1; 12; 0; 0; 0; 0; -0; 0
1; 2; 11; 0; 0; 0; 0; -0; 0
1; 3; 12; 0; 0; 0; 0; -0; 0
1; 4; 15; 0; 0; 0; 0; -0; 0
1; 5; 12; 0; 0; 0; 0; -0; 0
1; 6; 14; 0; 0; 0; 0; -0; 0
1; 7; 13; 0; 0; 0; 0; -0; 0
1; 8; 16; 0; 0; 0; 0; -0; 0
1; 9; 15; 0; 0; 0; 0; -0; 0
1; 10; 12; 0; 0; 0; 0; -0; 0
1; 11; 12; 0; 0; 0; 0; -0; 0
1; 12; 11; 0; 0; 0; 0; -0; 0
1; 13; 13; 0; 0; 0; 0; -0; 0
1; 14; 14; 0; 0; 0; 0; -0; 0
1; 15; 11; 0; 0; 0; 0; -0; 0
1; 16; 17; 0; 0; 0; 0; -0; 0
1; 17; 8; 0; 0; 0; 0; -0; 0
1; 18; 11; 0; 0; 0; 0; -0; 0
1; 19; 13; 0; 0; 0; 0; -0; 0
1; 20; 9; 0; 0; 0; 0; -0; 0
1; Median: 12; 0; 0; 0; 0; -0; 0
1; Mean: 12.55; 0; 0; 0; 0; 0; 0
1; Range: 9; 0; 0; 0; 0; 0; 0
1; Stdev: 2.15581; 0; 0; 0; 0; 0; 0
2; 1; 12; 0; 0; 0; 0; -0; 0
2; 2; 14; 0; 0; 0; 0; -0; 0
2; 3; 12; 0; 0; 0; 0; -0; 0
2; 4; 12; 0; 0; 0; 0; -0; 0
2; 5; 16; 0; 0; 0; 0; -0; 0
2; 6; 14; 0; 0; 0; 0; -0; 0
2; 7; 13; 0; 0; 0; 0; -0; 0
2; 8; 14; 0; 0; 0; 0; -0; 0
2; 9; 22; 0; 0; 0; 0; -0; 0
2; 10; 13; 0; 0; 0; 0; -0; 0
2; 11; 15; 0; 0; 0; 0; -0; 0
2; 12; 16; 0; 0; 0; 0; -0; 0
2; 13; 10; 0; 0; 0; 0; -0; 0
2; 14; 16; 0; 0; 0; 0; -0; 0
2; 15; 11; 0; 0; 0; 0; -0; 0
2; 16; 10; 0; 0; 0; 0; -0; 0
2; 17; 20; 0; 0; 0; 0; -0; 0
2; 18; 16; 0; 0; 0; 0; -0; 0
2; 19; 16; 0; 0; 0; 0; -0; 0
2; 20; 11; 0; 0; 0; 0; -0; 0
2; Median: 14; 0; 0; 0; 0; -0; 0
2; Mean: 14.15; 0; 0; 0; 0; 0; 0
2; Range: 12; 0; 0; 0; 0; 0; 0
2; Stdev: 3.03768; 0; 0; 0; 0; 0; 0
3; 1; 21; 0; 0; 0; 0; -0; 0
3; 2; 18; 0.256471; 0.244677; 0.645625; 90.212; -136.99; 9.39618
3; 3; 21; -0.00282028; 0.0148375; 0.0574982; -172.671; -76.7805; 98.458
3; 4; 17; 0; 0; 0; 0; -0; 0
3; 5; 16; 0; 0; 0; 0; -0; 0
3; 6; 18; 0.227285; 0.314556; 1.18383; -37.7332; 132.437; 23.9336
3; 7; 20; 0; 0; 0; 0; -0; 0
3; 8; 20; 0.312385; 0.289932; 0.894191; 51.9048; -153.123; 8.61313
3; 9; 19; 0.0888032; 0.172875; 0.249077; 165.155; -104.784; 27.6313
3; 10; 20; 0; 0; 0; 0; -0; 0
3; 11; 18; 0; 0; 0; 0; -0; 0
3; 12; 20; 0; 0; 0; 0; -0; 0
3; 13; 20; -0.0195056; 0.0402495; 0.0925108; 18.863; -77.8601; 57.3007
3; 14; 17; 0; 0; 0; 0; -0; 0
3; 15; 18; 0; 0; 0; 0; -0; 0
3; 16; 22; 0; 0; 0; 0; -0; 0
3; 17; 24; 0.31813; 0.247106; 0.834388; 79.6579; 164.05; 12.9672
3; 18; 26; 0; 0; 0; 0; -0; 0
3; 19; 23; 0; 0; 0; 0; -0; 0
3; 20; 21; 0; 0; 0; 0; -0; 0
3; Median: 20; 0; 0; 0; 0; -0; 0
3; Mean: 19.95; 0.0590374; 0.0662116; 0.197856; 11.915; -12.6525; 9.76942
3; Range: 10; 0.337636; 0.314556; 1.18383; 98.458; 317.173; 337.826
3; Stdev: 2.43875; 0.11287; 0.111351; 0.360904; 24.295; 72.9383; 60.8851
4; 1; 22; 0; 0; 0; 0; -0; 0
4; 2; 18; 0.219046; 0.219384; 0.774606; -78.1862; 127.464; 31.4835
4; 3; 17; 0; 0; 0; 0; -0; 0
4; 4; 12; 0.218866; 0.219289; 0.77373; -78.311; 127.44; 31.5105
4; 5; 19; 0; 0; 0; 0; -0; 0
4; 6; 17; 0; 0; 0; 0; -0; 0
4; 7; 15; 0; 0; 0; 0; -0; 0
4; 8; 10; 0; 0; 0; 0; -0; 0
4; 9; 16; 0.0164269; 0.0545187; 0.256921; -153.05; -80.326; 81.597
4; 10; 12; 0; 0; 0; 0; -0; 0
4; 11; 17; 0; 0; 0; 0; -0; 0
4; 12; 11; 0; 0; 0; 0; -0; 0
4; 13; 18; 0.0119327; 0.0491629; 0.233547; -154.311; -80.1505; 81.9753
4; 14; 16; 0; 0; 0; 0; -0; 0
4; 15; 16; 0; 0; 0; 0; -0; 0
4; 16; 19; 0.18286; 0.169261; 0.51026; -78.332; 130.468; 34.7766
4; 17; 17; 0; 0; 0; 0; -0; 0
4; 18; 16; 0; 0; 0; 0; -0; 0
4; 19; 24; 0.326004; 0.21524; 0.77168; 81.7609; 168.109; 15.7008
4; 20; 13; 0.0165447; 0.0546588; 0.257517; -152.983; -80.3372; 81.5675
4; Median: 17; 0; 0; 0; 0; -0; 0
4; Mean: 16.25; 0.049584; 0.0490757; 0.178913; 17.9306; 15.6334; -30.6706
4; Range: 14; 0.326004; 0.219384; 0.774606; 81.9753; 248.447; 236.072
4; Stdev: 3.40404; 0.096725; 0.0810564; 0.282948; 29.1901; 67.9018; 62.0051
5; 1; 26; 0; 0; 0; 0; -0; 0
5; 2; 24; 0; 0; 0; 0; -0; 0
5; 3; 19; 0; 0; 0; 0; -0; 0
5; 4; 19; 0; 0; 0; 0; -0; 0
5; 5; 19; 0; 0; 0; 0; -0; 0
5; 6; 19; 0; 0; 0; 0; -0; 0
5; 7; 23; 0; 0; 0; 0; -0; 0
5; 8; 20; 0; 0; 0; 0; -0; 0
5; 9; 18; 0; 0; 0; 0; -0; 0
5; 10; 21; 0; 0; 0; 0; -0; 0
5; 11; 22; 0; 0; 0; 0; -0; 0
5; 12; 25; 0; 0; 0; 0; -0; 0
5; 13; 23; 0; 0; 0; 0; -0; 0
5; 14; 26; 0; 0; 0; 0; -0; 0
5; 15; 20; 0; 0; 0; 0; -0; 0
5; 16; 22; 0.247111; 0.187015; 0.854494; 65.468; 68.8941; 175.67
5; 17; 25; 0.183489; 0.157389; 0.528711; -85.5263; 129.431; 35.6806
5; 18; 27; 0; 0; 0; 0; -0; 0
5; 19; 21; 0; 0; 0; 0; -0; 0
5; 20; 25; 0; 0; 0; 0; -0; 0
5; Median: 22; 0; 0; 0; 0; -0; 0
5; Mean: 22.2; 0.02153; 0.0172202; 0.0691602; 10.5675; 9.91625; -1.00292
5; Range: 9; 0.247111; 0.187015; 0.854494; 175.67; 129.431; 150.994
5; Stdev: 2.74955; 0.0653687; 0.0518725; 0.213779; 38.665; 31.2507; 24.0631
6; 1; 25; 0; 0; 0; 0; -0; 0
6; 2; 20; 0; 0; 0; 0; -0; 0
6; 3; 28; 0; 0; 0; 0; -0; 0
6; 4; 28; 0; 0; 0; 0; -0; 0
6; 5; 17; 0.360574; 0.110374; 0.977283; 76.7419; 179.283; 1.53469
6; 6; 17; 0.0896094; 0.837525; 3.08042; 115.062; 134.196; 37.1224
6; 7; 20; 0; 0; 0; 0; -0; 0
6; 8; 19; 0; 0; 0; 0; -0; 0
6; 9; 25; 0; 0; 0; 0; -0; 0
6; 10; 20; 0.388982; 0.262267; 1.62071; 42.7411; -173.784; 16.3548
6; 11; 21; 0.36447; 0.281715; 2.15013; -3.91154; 147.644; 16.7419
6; 12; 25; 0; 0; 0; 0; -0; 0
6; 13; 20; 0; 0; 0; 0; -0; 0
6; 14; 28; -0.0168431; 0.289344; 1.92635; 147.209; 118.782; 125.834
6; 15; 22; 0; 0; 0; 0; -0; 0
6; 16; 22; 0; 0; 0; 0; -0; 0
6; 17; 24; 0; 0; 0; 0; -0; 0
6; 18; 27; 0; 0; 0; 0; -0; 0
6; 19; 22; 0; 0; 0; 0; -0; 0
6; 20; 18; 0; 0; 0; 0; -0; 0
6; Median: 22; 0; 0; 0; 0; -0; 0
6; Mean: 22.4; 0.0593396; 0.0890613; 0.487745; 9.87941; 20.306; 18.8921
6; Range: 11; 0.405825; 0.837525; 3.08042; 125.834; 353.067; 151.12
6; Stdev: 3.55528; 0.132674; 0.198351; 0.912326; 28.1162; 73.4891; 42.1324
7; 1; 22; 0.326316; 0.169044; 1.0365; 68.8268; 166.381; 21.2866
7; 2; 26; 0; 0; 0; 0; -0; 0
7; 3; 20; 0; 0; 0; 0; -0; 0
7; 4; 24; 0; 0; 0; 0; -0; 0
7; 5; 29; 0; 0; 0; 0; -0; 0
7; 6; 26; 0; 0; 0; 0; -0; 0
7; 7; 26; 0.267936; 0.124539; 1.50553; 54.9854; -120.542; 0.962007
7; 8; 31; 0; 0; 0; 0; -0; 0
7; 9; 21; 0.384436; 0.19134; 1.60485; 33.0795; -170.755; 17.204
7; 10; 30; 0.286594; 0.115224; 1.6868; 57.1154; 173.799; 1.06558
7; 11; 36; 0; 0; 0; 0; -0; 0
7; 12; 21; 0; 0; 0; 0; -0; 0
7; 13; 25; 0; 0; 0; 0; -0; 0
7; 14; 25; 0; 0; 0; 0; -0; 0
7; 15; 34; 0.406906; 0.131288; 1.23699; 39.8542; -161.595; 22.6258
7; 16; 22; 0; 0; 0; 0; -0; 0
7; 17; 26; 0; 0; 0; 0; -0; 0
7; 18; 28; 0; 0; 0; 0; -0; 0
7; 19; 21; 0; 0; 0; 0; -0; 0
7; 20; 30; 0.376323; 0.0377485; 0.65427; 65.4381; -164.738; 38.5471
7; Median: 26; 0; 0; 0; 0; -0; 0
7; Mean: 26.15; 0.102426; 0.0384592; 0.386247; 5.08456; -13.8724; 15.965
7; Range: 16; 0.406906; 0.19134; 1.6868; 38.5471; 344.554; 68.8268
7; Stdev: 4.3735; 0.158992; 0.064441; 0.621943; 10.5639; 86.8847; 25.3868
8; 1; 19; 0; 0; 0; 0; -0; 0
8; 2; 24; 0; 0; 0; 0; -0; 0
8; 3; 27; 0; 0; 0; 0; -0; 0
8; 4; 22; 0.110969; 0.02902; 1.54805; 169.006; 111.719; 170.807
8; 5; 24; 0; 0; 0; 0; -0; 0
8; 6; 22; 0; 0; 0; 0; -0; 0
8; 7; 23; 0.316106; 0.0828406; 1.66819; 52.3852; -160.011; 2.78468
8; 8; 18; 0; 0; 0; 0; -0; 0
8; 9; 25; 0.128451; 0.606564; 2.19712; 147.384; 160.653; 8.3927
8; 10; 24; 0; 0; 0; 0; -0; 0
8; 11; 19; 0; 0; 0; 0; -0; 0
8; 12; 26; 0; 0; 0; 0; -0; 0
8; 13; 24; 0.332463; 0.104393; 1.62434; 49.1727; -154.163; 7.72195
8; 14; 21; 0; 0; 0; 0; -0; 0
8; 15; 17; 0; 0; 0; 0; -0; 0
8; 16; 18; 0; 0; 0; 0; -0; 0
8; 17; 27; 0; 0; 0; 0; -0; 0
8; 18; 26; 0.32501; 0.145773; 1.90166; 57.2316; -162.833; 3.95915
8; 19; 27; 0.247981; 0.00761521; 1.46218; -104.245; -50.4616; 160.682
8; 20; 24; 0; 0; 0; 0; -0; 0
8; Median: 24; 0; 0; 0; 0; -0; 0
8; Mean: 22.85; 0.073049; 0.0488103; 0.520078; 17.7174; -12.7548; 18.5467
8; Range: 10; 0.332463; 0.606564; 2.19712; 170.807; 323.486; 273.251
8; Stdev: 3.15079; 0.122407; 0.134198; 0.805911; 49.4313; 75.3218; 55.9955
9; 1; 31; -0.106167; 0.0946555; 1.52243; 161.543; 145.023; 133.534
9; 2; 23; 0; 0; 0; 0; -0; 0
9; 3; 27; 0.232143; -0.0487533; 0.451554; 110.383; -20.4762; 169.868
9; 4; 32; 0.212333; -0.0259016; 0.894887; -146.839; -59.0227; 174.726
9; 5; 31; 0; 0; 0; 0; -0; 0
9; 6; 23; 0.363993; 0.028833; 1.94352; 42.3716; 166.803; 10.1485
9; 7; 31; 0.21895; 0.0135577; 0.671587; 68.1323; -124.047; 5.69358
9; 8; 31; -0.125549; 0.0884469; 1.42949; 170.676; -154.132; 147.025
9; 9; 25; 0; 0; 0; 0; -0; 0
9; 10; 24; 0; 0; 0; 0; -0; 0
9; 11; 24; 0.362697; -0.0291242; 1.62367; -105.991; -17.6424; 173.291
9; 12; 30; 0; 0; 0; 0; -0; 0
9; 13; 27; 0; 0; 0; 0; -0; 0
9; 14; 25; 0.346811; 0.0192104; 1.444; -61.1673; -38.3239; 165.107
9; 15; 28; 0; 0; 0; 0; -0; 0
9; 16; 26; 0.33521; -0.0421917; 1.02399; -121.452; 2.09656; 171.799
9; 17; 32; 0; 0; 0; 0; -0; 0
9; 18; 25; 0; 0; 0; 0; -0; 0
9; 19; 27; 0.258704; 0.0429958; 1.4938; 32.2585; -123.825; 19.0594
9; 20; 18; 0; 0; 0; 0; -0; 0
9; Median: 27; 0; 0; 0.451554; 5.69358; -0; 0
9; Mean: 27; 0.104956; 0.00708642; 0.624947; 58.5126; -11.1774; 7.49576
9; Range: 14; 0.489542; 0.143409; 1.94352; 174.726; 320.934; 317.516
9; Stdev: 3.6606; 0.160817; 0.0351334; 0.699448; 76.7012; 72.9796; 79.0737
10; 1; 28; 0.410507; -0.0534287; 1.87964; 53.4196; -159.501; 7.0087
10; 2; 29; 0; 0; 0; 0; -0; 0
10; 3; 24; 0.414496; -0.0627294; 1.84758; 57.7063; -159.394; 6.6852
10; 4; 27; 0.40736; -0.0642536; 1.81076; 42.6158; -155.157; 10.2858
10; 5; 30; 0.409768; -0.0571063; 1.8596; 48.1957; -158.95; 8.6517
10; 6; 28; 0.404425; -0.0724148; 1.60103; 58.2355; -137.819; 2.30824
10; 7; 37; 0.327495; -0.0745644; 2.37536; -123.105; -0.115424; 174.785
10; 8; 28; 0.399093; -0.0764182; 1.8688; 50.3131; -160.759; 5.08349
10; 9; 31; 0.405145; -0.0655084; 1.8248; 43.3546; -160.689; 9.03672
10; 10; 29; 0.410698; -0.0629899; 1.7656; 35.7417; -162.665; 12.6742
10; 11; 33; -0.0325362; -0.0535565; 2.39275; 66.8036; 84.4101; 14.6717
10; 12; 31; 0.404553; -0.0705947; 1.77517; 49.199; -150.623; 8.11271
10; 13; 28; 0.406321; -0.0747152; 1.59628; 43.3364; -157.258; 13.3713
10; 14; 32; 0.392935; -0.0842478; 1.85054; 47.5386; -161.303; 5.79911
10; 15; 29; 0.410258; -0.0602126; 1.81206; 47.3949; -156.361; 9.66102
10; 16; 25; 0.409984; -0.054653; 1.8852; 51.526; -162.857; 8.39826
10; 17; 27; 0.407672; -0.0592797; 1.82217; 50.9274; -158.299; 7.43871
10; 18; 25; 0.113118; -0.218355; 1.42623; -111.67; -33.7375; 120.821
10; 19; 29; 0.410754; -0.0610038; 1.84318; 46.2765; -155.386; 9.3647
10; 20; 21; 0.0243978; -0.0207458; 0.9916; -93.6006; 68.1894; 177.298
10; Median: 29; 0.406321; -0.0627294; 1.8248; 9.03672; -156.361; 47.5386
10; Mean: 28.55; 0.326822; -0.0673389; 1.71142; 30.5728; -111.914; 23.2104
10; Range: 16; 0.447032; 0.218355; 2.39275; 177.298; 247.267; 189.909
10; Stdev: 3.36861; 0.153255; 0.0392941; 0.483296; 54.4227; 81.65; 57.3025
11; 1; 32; 0.393661; -0.116792; 1.93649; 51.6629; -155.025; 7.08302
11; 2; 28; 0.279814; -0.163514; 1.44949; 20.1363; -124.949; 16.0546
11; 3; 28; 0.373214; -0.142773; 1.92263; 49.1221; -162.663; 5.2221
11; 4; 34; 0.232166; -0.0263138; 0.867738; 9.81062; -71.9822; 101.469
11; 5; 28; 0.392497; -0.116671; 1.89996; 46.9167; -156.544; 9.83235
11; 6; 30; 0.392714; -0.120817; 1.91013; 49.7834; -155.243; 8.15434
11; 7; 32; 0.394043; -0.116813; 1.91985; 49.9477; -156.945; 8.98812
11; 8; 32; 0.181267; 0.277118; 2.35156; 135.569; 160.642; 9.87067
11; 9; 23; 0.389835; -0.120558; 1.92576; 49.3862; -156.899; 7.93708
11; 10; 34; 0.395215; -0.116177; 1.91942; 46.9469; -159.033; 10.0555
11; 11; 37; 0.402442; -0.106229; 1.8386; 51.722; -153.909; 10.1354
11; 12; 34; 0.39026; -0.121379; 1.86083; 41.9497; -155.176; 11.0579
11; 13; 25; 0.169753; 0.329256; 2.27905; 144.577; 161.151; 13.7609
11; 14; 26; 0.390002; -0.11878; 1.8822; 48.9505; -157.563; 8.55377
11; 15; 21; 0; 0; 0; 0; -0; 0
11; 16; 30; 0.390106; -0.117894; 1.85609; 43.4138; -155.237; 10.9528
11; 17; 25; 0.392628; -0.119469; 1.86562; 51.7936; -154.262; 8.68478
11; 18; 32; 0; 0; 0; 0; -0; 0
11; 19; 35; 0.285336; -0.136198; 1.39958; -163.618; 41.2738; 170.731
11; 20; 28; 0.195593; 0.383879; 2.04074; 155.015; 169.548; 16.853
11; Median: 30; 0.390002; -0.116792; 1.89996; 9.87067; -154.262; 49.1221
11; Mean: 29.7; 0.302027; -0.0385062; 1.65629; 21.7698; -77.1407; 44.1543
11; Range: 16; 0.402442; 0.547394; 2.35156; 170.731; 332.211; 318.633
11; Stdev: 4.17253; 0.128025; 0.161416; 0.629703; 39.8586; 117.927; 63.2019
12; 1; 32; 0.416961; -0.196503; 2.01135; 47.6496; -158.205; 9.16682
12; 2; 37; 0.418008; -0.192843; 1.97142; 48.111; -158.26; 9.52966
12; 3; 31; 0.417612; -0.195566; 2.01865; 52.6341; -157.608; 7.17761
12; 4; 28; 0.416236; -0.199847; 1.95477; 52.4125; -151.617; 7.28714
12; 5; 30; 0.413202; -0.199239; 2.05763; 50.0165; -156.724; 6.87415
12; 6; 31; 0.41766; -0.190242; 1.95583; 47.0132; -152.102; 10.5003
12; 7; 30; 0.416891; -0.194578; 2.00366; 50.4191; -155.681; 8.21577
12; 8; 31; 0.419039; -0.193041; 1.99642; 46.9854; -159.102; 9.57218
12; 9; 34; 0.406859; -0.206741; 1.63292; 35.7326; -170.686; 12.6447
12; 10; 36; 0.420011; -0.193823; 2.0241; 53.3421; -156.441; 7.07145
12; 11; 35; 0.418258; -0.192462; 1.98484; 48.2746; -157.004; 9.43468
12; 12; 38; 0.419717; -0.19076; 1.99432; 49.9713; -157.676; 9.04557
12; 13; 35; 0.418906; -0.195748; 2.02149; 46.1163; -156.551; 10.1207
12; 14; 27; 0.418714; -0.194475; 1.98516; 48.673; -156.557; 9.25746
12; 15; 31; 0.407931; -0.21066; 1.93058; 47.7127; -150.275; 7.12818
12; 16; 29; 0.418575; -0.19048; 1.99693; 50.4269; -158.267; 9.01005
12; 17; 39; 0.481781; -0.114164; 2.58529; -85.3992; -39.9405; 169.151
12; 18; 26; 0.409097; -0.191384; 1.95139; 41.3258; -152.631; 11.3103
12; 19; 32; 0.417479; -0.19247; 1.97204; 47.5205; -156.064; 9.63406
12; 20; 36; 0.417947; -0.193564; 1.98319; 47.4839; -157.047; 9.43104
12; Median: 32; 0.417947; -0.193564; 1.99432; 9.43104; -156.557; 48.111
12; Mean: 32.4; 0.419544; -0.19143; 2.0016; 17.0781; -150.922; 41.3211
12; Range: 13; 0.074922; 0.0964958; 0.952376; 162.276; 130.746; 138.741
12; Stdev: 3.59722; 0.0147714; 0.0184479; 0.15743; 34.918; 25.7701; 29.3208
13; 1; 35; 0.41021; -0.223542; 2.07263; 51.4941; -155.237; 8.86888
13; 2; 39; 0.414524; -0.216349; 2.04278; 48.9822; -157.4; 11.171
13; 3; 44; 0.407982; -0.217974; 2.01246; -64.3841; 157.945; 4.28385
13; 4; 40; 0.41023; -0.219683; 2.03922; 48.8281; -157.619; 10.2872
13; 5; 41; 0.408084; -0.225928; 2.05221; 48.3102; -157.084; 9.43974
13; 6; 43; 0.408389; -0.225029; 2.06383; 47.7274; -158.958; 9.85012
13; 7; 37; 0.40855; -0.222259; 2.0643; 48.9499; -159.875; 9.9174
13; 8; 38; 0.41945; -0.212087; 2.04279; 48.4708; -157.028; 12.122
13; 9; 48; 0.40902; -0.223379; 2.06365; 49.6495; -158.648; 9.74294
13; 10; 46; 0.409374; -0.225772; 2.07301; 49.3913; -156.511; 9.30703
13; 11; 37; 0.405864; -0.228756; 2.06608; 47.0695; -159.679; 9.59711
13; 12; 36; 0.40971; -0.22623; 2.06854; 47.8679; -158.011; 9.72053
13; 13; 36; 0.40804; -0.222742; 2.0605; 50.6635; -157.541; 9.05197
13; 14; 38; 0.411811; -0.231899; 2.09548; 55.3899; -159.255; 7.52791
13; 15; 40; 0.417806; -0.23071; 2.13182; 48.2803; -160.131; 9.7773
13; 16; 38; 0.405529; -0.231041; 2.0744; 44.1798; -163.705; 11.0654
13; 17; 35; 0.4091; -0.217776; 2.07074; 45.4615; -164.121; 11.2864
13; 18; 37; 0.407227; -0.224558; 2.07366; 49.8696; -158.848; 9.16137
13; 19; 37; 0.406901; -0.225503; 2.04826; 47.0572; -159.284; 10.2962
13; 20; 41; 0.40819; -0.226009; 2.06489; 47.6813; -159.2; 10.0228
13; Median: 38; 0.40902; -0.224558; 2.06489; 9.7773; -158.648; 48.4708
13; Mean: 39.3; 0.4098; -0.223861; 2.06406; 9.62486; -143.009; 43.047
13; Range: 13; 0.0139207; 0.0198119; 0.119354; 7.83812; 322.066; 119.774
13; Stdev: 3.52278; 0.00353176; 0.00499044; 0.0230082; 1.56312; 69.0748; 24.7463
14; 1; 36; 0.395254; -0.308045; 2.16922; 47.6217; -159.348; 9.03285
14; 2; 36; 0.395869; -0.305683; 2.17026; 48.3702; -159.083; 9.19249
14; 3; 44; 0.394479; -0.307541; 2.16792; 49.3468; -159.135; 8.42457
14; 4; 41; 0.394373; -0.308816; 2.17537; 47.5327; -160.104; 9.32865
14; 5; 40; 0.407816; -0.289767; 2.15708; 47.8183; -158.537; 12.1499
14; 6; 38; 0.396604; -0.302977; 2.15348; 49.3822; -158.762; 9.18171
14; 7; 39; 0.402097; -0.297179; 2.16826; 48.0094; -157.534; 10.7129
14; 8; 39; 0.397638; -0.308613; 2.18147; 47.586; -158.938; 9.46351
14; 9; 38; 0.403797; -0.294471; 2.16768; 49.5143; -158.067; 10.5166
14; 10; 38; 0.394959; -0.304327; 2.15738; 47.5691; -158.513; 9.43097
14; 11; 38; 0.39642; -0.308269; 2.20706; 47.9975; -160.515; 9.26381
14; 12; 35; 0.369426; -0.280224; 2.07061; 29.5038; -146.818; 17.8753
14; 13; 44; 0.398464; -0.302284; 2.14755; 48.244; -158.076; 9.59337
14; 14; 39; 0.399168; -0.302718; 2.16015; 47.9928; -158.409; 10.0182
14; 15; 40; 0.395143; -0.308681; 2.17273; 50.2135; -160.133; 7.87479
14; 16; 41; 0.397423; -0.303151; 2.16327; 48.0452; -158.875; 9.72248
14; 17; 42; 0.396583; -0.305766; 2.15857; 48.0653; -158.146; 9.23614
14; 18; 39; 0.392038; -0.304377; 2.16953; 48.2848; -162.518; 9.23218
14; 19; 37; 0.397191; -0.30665; 2.1681; 49.0467; -158.007; 8.96553
14; 20; 38; 0.350602; -0.254747; 1.98491; 25.6114; -129.577; 29.3875
14; Median: 39; 0.396583; -0.304327; 2.16792; 9.43097; -158.537; 48.0452
14; Mean: 39.1; 0.393767; -0.300214; 2.15353; 10.9302; -156.955; 46.2878
14; Range: 9; 0.0572137; 0.0540685; 0.222145; 21.5128; 32.9407; 24.6021
14; Stdev: 2.36432; 0.0121473; 0.0126046; 0.045632; 4.68688; 6.90733; 6.31576
15; 1; 51; 0.412078; -0.359733; 2.23491; 46.998; -158.691; 9.95509
15; 2; 49; 0.414932; -0.358719; 2.23984; 46.3872; -157.977; 10.5853
15; 3; 58; 0.414959; -0.359575; 2.24134; 44.6897; -156.957; 11.0796
15; 4; 60; 0.415227; -0.357965; 2.24398; 47.5381; -158.178; 10.1985
15; 5; 47; 0.414957; -0.359251; 2.24766; 47.6761; -158.04; 10.2674
15; 6; 53; 0.416976; -0.356732; 2.24727; 48.0064; -157.418; 10.4777
15; 7; 47; 0.41381; -0.357412; 2.23484; 48.4032; -158.232; 9.76489
15; 8; 56; 0.414828; -0.356313; 2.23393; 47.7947; -157.858; 10.2605
15; 9; 57; 0.413895; -0.359227; 2.24087; 47.6837; -158.18; 10.0329
15; 10; 61; 0.414651; -0.357118; 2.24004; 47.5867; -157.955; 10.3706
15; 11; 57; 0.415439; -0.357442; 2.24537; 47.5335; -158.201; 10.5206
15; 12; 62; 0.413969; -0.351686; 2.21573; 48.2633; -158.96; 10.5099
15; 13; 61; 0.413586; -0.35777; 2.23879; 47.8693; -158.393; 9.98256
15; 14; 60; 0.414987; -0.358743; 2.24454; 46.9234; -157.076; 10.5924
15; 15; 63; 0.415711; -0.358183; 2.24644; 47.653; -158.452; 10.3506
15; 16; 56; 0.413572; -0.358532; 2.23911; 44.7099; -158.876; 10.9482
15; 17; 57; 0.414719; -0.355301; 2.2279; 47.9526; -157.237; 10.3732
15; 18; 52; 0.4131; -0.357605; 2.23305; 47.3253; -158.36; 10.053
15; 19; 51; 0.413835; -0.354651; 2.22599; 47.9566; -157.836; 10.2912
15; 20; 50; 0.414304; -0.357485; 2.23952; 47.6235; -158.394; 10.1832
15; Median: 57; 0.414719; -0.357605; 2.23984; 10.3506; -158.178; 47.653
15; Mean: 55.4; 0.414477; -0.357472; 2.23806; 10.3399; -158.064; 47.3287
15; Range: 16; 0.00489709; 0.00804653; 0.0319314; 1.31471; 2.0029; 3.71359
15; Stdev: 4.94368; 0.00102809; 0.00185869; 0.0078005; 0.313479; 0.538629; 0.983726
16; 1; 54; 0.393142; -0.418469; 2.33004; 48.9666; -159.451; 9.03109
16; 2; 58; 0.396114; -0.415317; 2.31916; 47.7642; -159.219; 10.015
16; 3; 56; 0.393626; -0.416237; 2.31457; 47.8204; -158.33; 9.69708
16; 4; 56; 0.392031; -0.410083; 2.28346; 47.9709; -157.98; 9.97047
16; 5; 47; 0.394764; -0.41552; 2.31791; 47.497; -158.288; 10.0981
16; 6; 50; 0.39263; -0.412289; 2.29715; 43.0054; -160.156; 10.706
16; 7; 57; 0.394264; -0.415733; 2.3153; 47.4715; -158.356; 10.0609
16; 8; 68; 0.395226; -0.414725; 2.31561; 47.7684; -158.5; 10.1565
16; 9; 50; 0.391424; -0.408875; 2.29771; 48.5432; -157.323; 10.8754
16; 10; 47; 0.394623; -0.416655; 2.31625; 47.595; -158.428; 9.80327
16; 11; 52; 0.392674; -0.41994; 2.31038; 46.5077; -157.409; 9.59124
16; 12; 59; 0.390138; -0.413946; 2.30162; 50.6989; -158.712; 8.4051
16; 13; 51; 0.391801; -0.414987; 2.30239; 47.6072; -158.151; 9.1627
16; 14; 47; 0.394287; -0.415889; 2.31482; 47.5038; -158.061; 9.89459
16; 15; 58; 0.392997; -0.413664; 2.31029; 48.5621; -158.71; 9.58927
16; 16; 57; 0.394231; -0.416671; 2.31185; 47.3457; -158.458; 9.73068
16; 17; 56; 0.396098; -0.417034; 2.32425; 47.6517; -158.305; 10.0494
16; 18; 51; 0.384787; -0.410921; 2.30037; 48.9909; -165.233; 8.86812
16; 19; 51; 0.393947; -0.414865; 2.31151; 48.1866; -158.484; 9.67333
16; 20; 52; 0.39502; -0.415667; 2.32002; 47.9473; -158.754; 9.8553
16; Median: 54; 0.393947; -0.415317; 2.31457; 9.8553; -158.428; 47.7684
16; Mean: 53.85; 0.393191; -0.414874; 2.31073; 9.76167; -158.815; 47.7702
16; Range: 21; 0.0113269; 0.0110652; 0.0465829; 2.47031; 7.9106; 7.69348
16; Stdev: 4.98272; 0.00245118; 0.00262812; 0.0105623; 0.561797; 1.59636; 1.37394
17; 1; 43; 0.390741; -0.479764; 2.39854; 47.4371; -158.731; 9.87181
17; 2; 39; 0.390496; -0.476658; 2.38802; 48.3831; -158.44; 9.56303
17; 3; 32; 0.389066; -0.48276; 2.38693; 46.1481; -157.151; 9.77651
17; 4; 38; 0.392562; -0.478479; 2.39698; 47.6644; -158.481; 10.225
17; 5; 41; 0.39246; -0.477488; 2.39319; 46.3733; -159.015; 10.6191
17; 6; 31; 0.392469; -0.477421; 2.38477; 47.6996; -158.417; 10.1865
17; 7; 47; 0.392205; -0.479931; 2.38572; 52.7028; -158.836; 7.91462
17; 8; 38; 0.392818; -0.476865; 2.40143; 50.5422; -158.204; 9.34383
17; 9; 46; 0.392575; -0.47785; 2.39142; 47.7263; -158.673; 10.3414
17; 10; 38; 0.397172; -0.481603; 2.46445; 53.2302; -157.666; 8.50628
17; 11; 39; 0.390793; -0.482826; 2.39876; 45.3982; -158.824; 10.2726
17; 12; 41; 0.392083; -0.47836; 2.39478; 47.0418; -158.635; 10.3214
17; 13; 42; 0.389541; -0.481141; 2.36664; 45.2776; -157.483; 10.4342
17; 14; 44; 0.392141; -0.47785; 2.38955; 47.183; -157.906; 10.4555
17; 15; 45; 0.3902; -0.499494; 2.47023; 39.1113; -168.403; 9.68192
17; 16; 40; 0.397101; -0.465883; 2.3201; 47.8043; -154.049; 11.02
17; 17; 37; 0.392139; -0.477494; 2.38743; 47.6891; -158.167; 10.273
17; 18; 44; 0.392143; -0.479316; 2.39859; 48.0245; -158.479; 9.95382
17; 19; 38; 0.390778; -0.483116; 2.40517; 44.2558; -158.032; 10.8203
17; 20; 37; 0.38827; -0.484772; 2.41464; 47.7879; -160.319; 9.22867
17; Median: 40; 0.392141; -0.478479; 2.39478; 10.225; -158.44; 47.6891
17; Mean: 40; 0.391888; -0.479954; 2.39687; 9.94048; -158.696; 47.374
17; Range: 16; 0.0089019; 0.0336107; 0.150133; 3.10538; 14.3538; 14.1189
17; Stdev: 4.11096; 0.0021561; 0.00585756; 0.02984; 0.736275; 2.50334; 2.8626
18; 1; 27; 0.395771; -0.547029; 2.49731; 47.9389; -159.264; 9.96253
18; 2; 42; 0.394829; -0.540831; 2.47194; 48.6145; -160.087; 10.0713
18; 3; 29; 0.395492; -0.544152; 2.50148; 50.1376; -159.649; 9.40559
18; 4; 33; 0.39425; -0.546309; 2.47463; 47.0918; -158.325; 9.74905
18; 5; 24; 0.391775; -0.544948; 2.48948; 49.5338; -159.825; 8.66302
18; 6; 30; 0.393583; -0.539326; 2.47971; 49.7227; -160.114; 9.94788
18; 7; 27; 0.393435; -0.547082; 2.47734; 46.5166; -159.026; 9.72783
18; 8; 35; 0.398953; -0.549877; 2.52448; 49.2642; -158.932; 9.88782
18; 9; 28; 0.394849; -0.538002; 2.50915; 39.7746; -167.539; 13.9307
18; 10; 31; 0.394006; -0.542834; 2.47169; 47.457; -159.66; 9.98225
18; 11; 25; 0.396803; -0.544635; 2.48331; 48.8421; -158.729; 9.87628
18; 12; 29; 0.392758; -0.542571; 2.47786; 48.0083; -159.285; 9.68159
18; 13; 28; 0.395589; -0.546459; 2.49152; 47.3885; -159.251; 10.2241
18; 14; 27; 0.395679; -0.543783; 2.47118; 47.0278; -159.564; 10.405
18; 15; 31; 0.39076; -0.53897; 2.44548; 47.0814; -158.099; 9.66646
18; 16; 33; 0.399952; -0.542223; 2.45138; 46.0087; -155.047; 11.2719
18; 17; 26; 0.388743; -0.547179; 2.43643; 37.8051; -160.283; 12.2051
18; 18; 25; 0.39438; -0.5412; 2.4895; 49.0607; -159.697; 9.82296
18; 19; 30; 0.394702; -0.551268; 2.50337; 53.7623; -158.897; 7.8263
18; 20; 26; 0.396383; -0.546525; 2.51188; 48.7496; -160.323; 10.1075
18; Median: 29; 0.394829; -0.544152; 2.48331; 9.94788; -159.285; 48.0083
18; Mean: 29.3; 0.394635; -0.54426; 2.48296; 10.1208; -159.58; 47.4893
18; Range: 18; 0.0112085; 0.0132658; 0.0880498; 6.10437; 12.4925; 15.9572
18; Stdev: 4.08779; 0.00248365; 0.00347471; 0.0217505; 1.20724; 2.13957; 3.34136
19; 1; 26; 0.41609; -0.607554; 2.5769; 47.296; -159.692; 10.2462
19; 2; 21; 0.415294; -0.59902; 2.6147; 54.9407; -160.588; 8.14647
19; 3; 21; 0.414936; -0.5968; 2.54793; 46.9925; -159.839; 10.9213
19; 4; 32; 0.413858; -0.596464; 2.55639; 49.0656; -161.172; 10.2297
19; 5; 21; 0.412775; -0.591957; 2.56805; 55.2665; -159.861; 7.75184
19; 6; 30; 0.407665; -0.601432; 2.53031; 47.6728; -161.854; 9.50421
19; 7; 28; 0.413561; -0.605653; 2.57039; 45.9729; -157.634; 10.1024
19; 8; 30; 0.41316; -0.595276; 2.55932; 51.9782; -160.845; 9.03116
19; 9; 28; 0.412948; -0.601566; 2.5551; 48.2356; -159.394; 9.68657
19; 10; 27; 0.414934; -0.603294; 2.57104; 48.9426; -159.988; 9.73151
19; 11; 27; 0.413033; -0.599814; 2.55892; 49.0194; -159.732; 9.67529
19; 12; 30; 0.411295; -0.597032; 2.55133; 49.7138; -161.2; 9.5712
19; 13; 30; 0.411575; -0.596253; 2.52413; 45.4483; -160.3; 10.987
19; 14; 33; 0.414448; -0.605179; 2.55944; 45.9905; -159.934; 10.6202
19; 15; 34; 0.414469; -0.601211; 2.56428; 50.8382; -160.489; 9.27534
19; 16; 29; 0.415093; -0.603968; 2.56517; 46.1371; -160.435; 10.803
19; 17; 30; 0.403482; -0.598364; 2.39456; 49.5176; -148.502; 6.35194
19; 18; 27; 0.414882; -0.601819; 2.56971; 47.9438; -160.191; 10.2006
19; 19; 25; 0.411683; -0.603291; 2.55188; 47.9762; -159.608; 9.64931
19; 20; 29; 0.418573; -0.606519; 2.61854; 48.053; -161.099; 10.6119
19; Median: 29; 0.413858; -0.601211; 2.55944; 9.73151; -159.988; 48.2356
19; Mean: 27.9; 0.413188; -0.600623; 2.5554; 9.65486; -159.618; 48.8501
19; Range: 13; 0.0150904; 0.0155972; 0.223981; 4.6351; 13.3518; 9.81828
19; Stdev: 3.61801; 0.00309583; 0.00408381; 0.0427669; 1.12024; 2.68977; 2.63171
20; 1; 22; 0.40863; -0.674451; 2.59693; 44.0058; -156.411; 10.2185
20; 2; 26; 0.403437; -0.659966; 2.6524; 53.6018; -161.361; 7.35316
20; 3; 26; 0.409371; -0.660181; 2.59267; 50.1055; -159.859; 8.94105
20; 4; 18; 0.526839; -0.814857; 3.31027; 42.4706; -154.757; 14.8828
20; 5; 22; 0.412159; -0.661485; 2.62308; 48.4025; -159.503; 10.3153
20; 6; 22; 0.412552; -0.661928; 2.62759; 49.2754; -159.653; 10.1176
20; 7; 28; 0.41156; -0.671649; 2.63606; 46.6196; -159.148; 10.1338
20; 8; 21; 0.384048; -0.670374; 2.70474; 55.7102; -170.648; 5.51699
20; 9; 22; 0.4137; -0.667208; 2.6311; 46.6807; -159.406; 10.9796
20; 10; 23; 0.42038; -0.643325; 2.61722; 57.4326; -157.4; 8.78646
20; 11; 24; 0.365379; -0.519916; 2.69429; 81.971; -175.258; 8.12937
20; 12; 20; 0.419988; -0.651211; 2.60151; 49.9649; -153.668; 11.4622
20; 13; 25; 0.407779; -0.674778; 2.6482; 46.3333; -161.335; 9.79754
20; 14; 26; 0.411531; -0.661913; 2.64585; 51.4964; -159.514; 9.02504
20; 15; 24; 0.411987; -0.678685; 2.65426; 44.4484; -158.886; 10.502
20; 16; 20; 0.388115; -0.692957; 2.76931; 55.5123; -167.498; 4.13365
20; 17; 25; 0.416423; -0.631716; 2.50826; 50.6126; -157.673; 10.7316
20; 18; 29; 0.345763; -0.682161; 2.67784; 48.912; 177.151; 5.61653
20; 19; 26; 0.412281; -0.66257; 2.62992; 48.937; -159.909; 10.0817
20; 20; 21; 0.413639; -0.665614; 2.62597; 47.5026; -159.537; 10.8368
20; Median: 24; 0.411987; -0.66257; 2.63606; 10.1176; -159.503; 49.2754
20; Mean: 23.5; 0.409778; -0.665347; 2.67237; 9.37808; -143.714; 50.9998
20; Range: 11; 0.181076; 0.294941; 0.80201; 10.7492; 352.409; 39.5004
20; Stdev: 2.80179; 0.0326123; 0.0484171; 0.15465; 2.33124; 73.7792; 8.08379
21; 1; 15; 0.42441; -0.674161; 2.49291; 68.6479; -139.843; 1.9636
21; 2; 17; 0.42584; -0.709526; 2.70016; 46.5962; -158.756; 11.9917
21; 3; 18; 0.420143; -0.708517; 2.68308; 48.5345; -159.368; 10.6936
21; 4; 19; 0.408033; -0.705201; 2.88975; 67.6555; -169.475; 4.66456
21; 5; 17; 0.401005; -0.740227; 2.83178; 51.5314; -167.894; 6.22798
21; 6; 18; 0.41776; -0.711871; 2.71547; 52.4378; -160.939; 8.68276
21; 7; 19; 0; 0; 0; 0; -0; 0
21; 8; 18; 0.396049; -0.721134; 2.78192; 55.1666; -168.214; 6.09718
21; 9; 26; 0.421676; -0.716634; 2.70635; 47.8583; -158.249; 10.6426
21; 10; 18; 0.386659; -0.710033; 2.6734; 54.2959; -163.369; 3.5976
21; 11; 19; 0.400563; -0.778606; 2.94487; 52.969; -163.843; 3.57952
21; 12; 20; 0.426194; -0.726481; 2.83043; 51.1643; -161.437; 9.37696
21; 13; 22; 0.423452; -0.704542; 2.68834; 48.0373; -158.798; 11.7948
21; 14; 18; 0.427836; -0.704087; 2.66971; 43.9395; -158.757; 13.6913
21; 15; 21; 0.424447; -0.701994; 2.67427; 49.4551; -158.105; 11.2871
21; 16; 20; 0.393797; -0.733534; 2.82067; 56.8094; -169.345; 4.62517
21; 17; 21; 0.386168; -0.706196; 2.76317; 54.6636; -173.523; 7.66778
21; 18; 24; 0.448403; -0.755097; 2.99033; 56.0003; -159.056; 5.79542
21; 19; 25; 0.440975; -0.75317; 2.91721; -119.694; -29.6242; 174.355
21; 20; 17; 0.388262; -0.713021; 2.76057; 58.4403; -171.342; 4.88782
21; Median: 19; 0.420143; -0.710033; 2.76057; 7.66778; -159.368; 52.4378
21; Mean: 19.6; 0.393084; -0.683702; 2.62672; 15.5811; -147.497; 42.2255
21; Range: 11; 0.448403; 0.778606; 2.99033; 174.355; 173.523; 188.342
21; Stdev: 2.78209; 0.0918573; 0.158468; 0.613156; 36.6045; 45.0209; 39.3984
22; 1; 23; 0.366762; -0.769481; 2.72238; 51.799; -163.652; 3.35264
22; 2; 27; 0.170657; -0.538438; 3.03118; 109.756; 156.14; 2.88669
22; 3; 21; 0.369135; -0.771463; 2.81764; 55.9525; -172.673; 6.07753
22; 4; 25; 0.401833; -0.768973; 2.74953; 51.5739; -160.508; 9.36427
22; 5; 24; 0.371826; -0.853942; 3.13285; 48.443; 174.174; 6.96163
22; 6; 28; 0.404921; -0.768966; 2.81333; 55.0823; -161.052; 8.80813
22; 7; 19; 0.402203; -0.773214; 2.77244; 50.8574; -160.289; 9.41387
22; 8; 22; 0.138724; -0.546392; 3.02892; -70.533; 27.3163; 179.959
22; 9; 25; 0.403423; -0.760239; 2.73944; 52.0001; -159.886; 10.1084
22; 10; 26; 0.401012; -0.773315; 2.74691; 51.0053; -159.749; 8.91123
22; 11; 26; 0.404158; -0.780726; 2.80187; 50.4636; -160.416; 9.00839
22; 12; 23; 0.403709; -0.772193; 2.76531; 49.5185; -160.712; 10.1025
22; 13; 26; 0.410688; -0.764567; 2.76432; 52.0042; -156.513; 10.8281
22; 14; 22; 0.37471; -0.796394; 2.87302; 56.6626; -169.693; 4.31168
22; 15; 25; 0.405376; -0.770867; 2.76003; 49.1717; -159.534; 10.7623
22; 16; 24; 0.406833; -0.769949; 2.76645; 48.4966; -159.826; 11.2695
22; 17; 22; 0.394606; -0.826776; 2.996; 47.7633; -165.661; 9.50336
22; 18; 17; 0.403961; -0.769983; 2.75916; 49.424; -159.482; 10.5687
22; 19; 29; 0.371389; -0.77076; 2.73807; 51.705; -164.059; 3.9325
22; 20; 21; 0.386256; -0.800816; 2.78741; 47.2574; -167.494; 6.8444
22; Median: 24; 0.401833; -0.77076; 2.77244; 9.36427; -160.289; 51.0053
22; Mean: 23.75; 0.369609; -0.757373; 2.82831; 16.6488; -120.178; 47.9202
22; Range: 12; 0.271964; 0.315503; 0.410467; 177.073; 346.847; 180.289
22; Stdev: 2.91333; 0.073212; 0.0750402; 0.116516; 37.5556; 103.773; 30.1291
23; 1; 25; 0.370014; -0.842504; 2.83025; 47.9278; -153.307; 10.6079
23; 2; 19; 0.397411; -0.567219; 1.93156; 55.2254; -132.447; 18.8001
23; 3; 21; 0.360312; -0.814375; 2.77543; 36.9549; -165.9; 11.4926
23; 4; 16; 0.362558; -0.830615; 2.81834; 49.5758; -161.009; 9.24501
23; 5; 20; 0.340497; -0.867762; 2.9847; 54.2334; -168.124; 4.90185
23; 6; 22; 0.351272; -0.849724; 2.94526; -100.626; -25.1983; 172.628
23; 7; 19; 0.350417; -0.843836; 2.92628; -100.075; -26.3715; 173.169
23; 8; 19; 0.336239; -0.891638; 3.03944; 54.562; -165.74; 2.72258
23; 9; 19; 0.355741; -0.830408; 2.81829; 51.0254; -161.09; 7.36982
23; 10; 27; 0.336348; -0.878761; 3.00229; 57.1217; -166.992; 2.22552
23; 11; 21; 0.355136; -0.849743; 2.95102; 63.254; -161.197; 2.90211
23; 12; 22; 0.368269; -0.835622; 2.86046; 52.0062; -156.372; 10.0782
23; 13; 23; 0.145677; -0.569979; 3.03098; 111.962; 157.605; 0.199483
23; 14; 23; 0.337105; -0.887691; 3.04391; 55.0257; -167.683; 3.01379
23; 15; 20; 0.340312; -0.874321; 3.00247; 55.9893; -166.506; 3.99087
23; 16; 21; 0.361425; -0.828077; 2.8095; 49.9185; -161.16; 9.10638
23; 17; 21; 0.282399; -0.914631; 3.59009; -101.961; -1.27255; 176.401
23; 18; 25; 0.365441; -0.855309; 2.90502; 47.0715; -161.686; 9.30351
23; 19; 19; 0.369295; -0.831954; 2.84163; 48.9731; -157.004; 11.5008
23; 20; 20; 0.363308; -0.842019; 2.8988; 59.5421; -157.934; 5.37358
23; Median: 21; 0.355741; -0.842504; 2.92628; 9.24501; -161.009; 52.0062
23; Mean: 21.1; 0.342459; -0.825309; 2.90029; 32.2516; -122.969; 32.3853
23; Range: 11; 0.251735; 0.347411; 1.65853; 176.201; 325.729; 213.923
23; Stdev: 2.50799; 0.0500661; 0.0890162; 0.27855; 59.7252; 82.3992; 57.6935
24; 1; 18; 0.4137; -0.876654; 3.13513; 77.5039; -158.461; 4.24895
24; 2; 14; 0.373794; -0.898996; 2.85617; 49.0425; -162.822; 8.70527
24; 3; 14; 0.385116; -0.883619; 3.15462; 77.5995; -165.678; 2.30505
24; 4; 15; 0.345668; -0.891764; 2.85197; 55.8713; -163.679; 2.48924
24; 5; 10; 0.391864; -0.928219; 2.96218; 44.1269; -161.697; 11.9805
24; 6; 15; 0.387119; -0.925041; 3.00647; 52.6936; -161.76; 8.02001
24; 7; 17; 0.394458; -0.904401; 2.85559; 37.3167; -157.694; 15.6953
24; 8; 15; 0.346648; -0.747886; 2.07068; 31.5557; -139.153; 21.2722
24; 9; 18; 0.389155; -0.926814; 3.01004; 51.5476; -161.352; 8.49256
24; 10; 17; 0; 0; 0; 0; -0; 0
24; 11; 22; 0; 0; 0; 0; -0; 0
24; 12; 18; 0.389163; -0.89421; 2.87764; 51.9848; -157.209; 9.57878
24; 13; 12; 0.402183; -0.952396; 3.3927; 75.2194; -155.858; 2.48977
24; 14; 24; 0.336945; -0.890925; 3.01515; 61.9672; -177.995; 5.06588
24; 15; 20; 0.346494; -0.901408; 2.93681; 56.0069; -171.842; 4.1084
24; 16; 14; 0.384686; -0.916777; 2.95358; 51.5736; -159.973; 8.43705
24; 17; 18; 0; 0; 0; 0; -0; 0
24; 18; 17; 0; 0; 0; 0; -0; 0
24; 19; 19; 0; 0; 0; 0; -0; 0
24; 20; 14; 0.414965; -0.883988; 2.99424; 58.1585; -151.713; 12.8028
24; Median: 17; 0.384686; -0.890925; 2.93681; 5.06588; -157.694; 51.5736
24; Mean: 16.55; 0.285098; -0.671155; 2.20365; 6.28459; -120.344; 41.6084
24; Range: 14; 0.414965; 0.952396; 3.3927; 21.2722; 177.995; 77.5995
24; Stdev: 3.23226; 0.165928; 0.38937; 1.2935; 5.78723; 69.8606; 26.5318
25; 1; 14; 0; 0; 0; 0; -0; 0
25; 2; 18; 0; 0; 0; 0; -0; 0
25; 3; 16; 0; 0; 0; 0; -0; 0
25; 4; 17; 0.355267; -1.0206; 3.46239; -104.048; -2.43215; 177.619
25; 5; 17; 0.423276; -0.98843; 3.06972; 53.5027; -159.271; 8.43368
25; 6; 11; 0.415839; -0.970001; 2.98178; 50.8196; -160.988; 9.04269
25; 7; 12; 0.420495; -0.996647; 3.19301; 59.8904; -160.879; 6.99654
25; 8; 14; 0.381525; -1.06806; 3.30663; 53.7898; -170.447; 1.48334
25; 9; 20; 0.414303; -0.975886; 3.01133; 51.4899; -161.204; 8.46131
25; 10; 10; 0; 0; 0; 0; -0; 0
25; 11; 16; 0.425585; -0.999055; 3.16308; 58.3672; -157.418; 7.6892
25; 12; 17; 0.414678; -0.9805; 3.01436; 53.0288; -159.179; 7.96412
25; 13; 17; 0.422554; -0.973427; 3.01764; 52.2695; -156.47; 10.3276
25; 14; 15; 0; 0; 0; 0; -0; 0
25; 15; 18; 0.418204; -0.970183; 2.99526; 50.7528; -160.133; 9.7463
25; 16; 19; 0; 0; 0; 0; -0; 0
25; 17; 15; 0.4133; -0.968105; 2.9695; 49.9852; -162.915; 8.93761
25; 18; 17; 0; 0; 0; 0; -0; 0
25; 19; 18; 0; 0; 0; 0; -0; 0
25; 20; 17; 0.416017; -0.970463; 2.98316; 49.1003; -160.799; 9.86956
25; Median: 17; 0.4133; -0.970001; 2.98316; 7.6892; -156.47; 49.9852
25; Mean: 15.9; 0.246052; -0.594068; 1.85839; 13.3285; -88.6068; 23.9474
25; Range: 10; 0.425585; 1.06806; 3.46239; 177.619; 170.447; 163.939
25; Stdev: 2.54755; 0.201483; 0.485537; 1.52173; 37.9292; 79.9467; 38.9674
26; 1; 13; 0.407795; -1.02858; 3.1045; 55.0007; -162.03; 6.99781
26; 2; 18; 0.410752; -1.02538; 3.10484; 54.9263; -159.263; 9.38777
26; 3; 16; 0; 0; 0; 0; -0; 0
26; 4; 17; 0.397038; -1.02491; 3.16743; 59.579; -167.909; 5.70069
26; 5; 20; 0.409933; -1.0285; 3.08025; 53.2645; -158.634; 7.90235
26; 6; 19; 0.411359; -1.03709; 3.13122; 53.3227; -161.592; 7.80616
26; 7; 21; 0; 0; 0; 0; -0; 0
26; 8; 17; 0.414227; -1.03867; 3.14466; 55.7255; -161.638; 7.08422
26; 9; 17; 0; 0; 0; 0; -0; 0
26; 10; 19; 0.406218; -1.0295; 3.10643; 55.3829; -162.917; 6.44661
26; 11; 18; 0.409785; -1.0333; 3.1122; 53.6863; -158.385; 7.97785
26; 12; 19; 0.399811; -1.03579; 3.13574; 58.6047; -165.612; 4.06476
26; 13; 17; 0; 0; 0; 0; -0; 0
26; 14; 19; 0.406752; -1.03782; 3.11327; 54.2304; -161.246; 6.74386
26; 15; 15; 0; 0; 0; 0; -0; 0
26; 16; 23; 0; 0; 0; 0; -0; 0
26; 17; 20; 0.427916; -1.01505; 3.23333; 68.7005; -158.306; 4.14509
26; 18; 12; 0.389486; -1.06489; 3.20326; 59.3805; -167.755; 1.98866
26; 19; 16; 0; 0; 0; 0; -0; 0
26; 20; 21; 0.422567; -1.03449; 3.19135; 57.9234; -160.339; 7.90765
26; Median: 18; 0.406218; -1.02538; 3.10643; 5.70069; -158.634; 54.2304
26; Mean: 17.85; 0.265682; -0.671699; 2.04142; 4.20767; -105.281; 36.9864
26; Range: 11; 0.427916; 1.06489; 3.23333; 9.38777; 167.909; 68.7005
26; Stdev: 2.61295; 0.195111; 0.492973; 1.49841; 3.46375; 77.2978; 27.3344
27; 1; 14; 0; 0; 0; 0; -0; 0
27; 2; 13; 0; 0; 0; 0; -0; 0
27; 3; 17; 0; 0; 0; 0; -0; 0
27; 4; 15; 0.446619; -1.09295; 3.05565; 46.3477; -154.177; 12.0444
27; 5; 17; 0.409904; -0.966379; 2.55259; -108.62; -18.7112; 169.372
27; 6; 13; 0.435912; -1.11626; 3.21678; 56.4069; -164.17; 6.08023
27; 7; 14; 0; 0; 0; 0; -0; 0
27; 8; 14; 0; 0; 0; 0; -0; 0
27; 9; 20; 0.448037; -1.12275; 3.23591; 51.8134; -157.5; 9.76301
27; 10; 18; 0.435493; -1.08231; 3.02635; 47.8323; -156.045; 10.0783
27; 11; 13; 0; 0; 0; 0; -0; 0
27; 12; 16; 0; 0; 0; 0; -0; 0
27; 13; 17; 0; 0; 0; 0; -0; 0
27; 14; 22; 0.430572; -1.13632; 3.29986; 57.2606; -159.119; 3.39974
27; 15; 15; 0; 0; 0; 0; -0; 0
27; 16; 16; 0; 0; 0; 0; -0; 0
27; 17; 11; 0; 0; 0; 0; -0; 0
27; 18; 18; 0.44863; -1.15805; 3.25509; 36.6975; -162.234; 12.7275
27; 19; 18; 0.462542; -1.04914; 3.18517; 70.9574; -154.779; 5.5722
27; 20; 19; 0; 0; 0; 0; -0; 0
27; Median: 16; 0; 0; 0; 0; -0; 0
27; Mean: 16; 0.175885; -0.436209; 1.24137; 11.4519; -56.3368; 12.9348
27; Range: 11; 0.462542; 1.15805; 3.29986; 169.372; 164.17; 179.577
27; Stdev: 2.66458; 0.215615; 0.535439; 1.52709; 36.5017; 74.9491; 37.6928
28; 1; 12; 0; 0; 0; 0; -0; 0
28; 2; 20; 0; 0; 0; 0; -0; 0
28; 3; 11; 0; 0; 0; 0; -0; 0
28; 4; 17; 0.257527; -1.35035; 3.99826; -110.222; -0.953656; 177.021
28; 5; 15; 0; 0; 0; 0; -0; 0
28; 6; 13; 0; 0; 0; 0; -0; 0
28; 7; 17; 0; 0; 0; 0; -0; 0
28; 8; 14; 0; 0; 0; 0; -0; 0
28; 9; 11; 0.346044; -1.18193; 3.3122; 53.8218; -158.171; 9.67587
28; 10; 14; 0.327228; -1.15158; 3.16373; 49.7157; -163.523; 8.79339
28; 11; 17; 0; 0; 0; 0; -0; 0
28; 12; 17; 0; 0; 0; 0; -0; 0
28; 13; 11; 0; 0; 0; 0; -0; 0
28; 14; 21; 0; 0; 0; 0; -0; 0
28; 15; 16; 0; 0; 0; 0; -0; 0
28; 16; 19; 0.388776; -0.87511; 2.48652; 84.7994; -131.659; 0.556809
28; 17; 14; 0; 0; 0; 0; -0; 0
28; 18; 15; 0; 0; 0; 0; -0; 0
28; 19; 22; 0; 0; 0; 0; -0; 0
28; 20; 14; 0.339915; -1.1836; 3.33317; 56.2848; -158.884; 7.5921
28; Median: 15; 0; 0; 0; 0; -0; 0
28; Mean: 15.5; 0.0829745; -0.287128; 0.814694; 10.182; -30.6595; 6.71997
28; Range: 11; 0.388776; 1.35035; 3.99826; 177.021; 163.523; 195.022
28; Stdev: 3.18591; 0.145282; 0.50321; 1.43151; 38.4005; 61.456; 36.7241
29; 1; 13; 0; 0; 0; 0; -0; 0
29; 2; 13; 0; 0; 0; 0; -0; 0
29; 3; 9; 0; 0; 0; 0; -0; 0
29; 4; 11; 0.349129; -1.36971; 4.09565; 74.1374; 178.781; 1.26438
29; 5; 9; 0; 0; 0; 0; -0; 0
29; 6; 12; 0.422071; -1.20167; 3.23837; 52.2067; -152.785; 12.3726
29; 7; 7; 0; 0; 0; 0; -0; 0
29; 8; 15; 0.406584; -1.24311; 3.33047; 49.9038; -157.852; 10.2461
29; 9; 11; 0; 0; 0; 0; -0; 0
29; 10; 15; 0; 0; 0; 0; -0; 0
29; 11; 16; 0.394219; -1.20369; 3.26103; 56.0905; -159.545; 8.79309
29; 12; 8; 0; 0; 0; 0; -0; 0
29; 13; 14; 0; 0; 0; 0; -0; 0
29; 14; 13; 0.415408; -1.26666; 3.38591; 46.6769; -163.585; 11.0318
29; 15; 8; 0; 0; 0; 0; -0; 0
29; 16; 19; 0.369056; -1.14505; 3.00333; 50.0041; -165.079; 9.23972
29; 17; 13; 0; 0; 0; 0; -0; 0
29; 18; 12; 0; 0; 0; 0; -0; 0
29; 19; 9; 0; 0; 0; 0; -0; 0
29; 20; 7; 0; 0; 0; 0; -0; 0
29; Median: 12; 0; 0; 0; 0; -0; 0
29; Mean: 11.7; 0.117823; -0.371495; 1.01574; 2.64738; -31.0033; 16.451
29; Range: 12; 0.422071; 1.36971; 4.09565; 12.3726; 343.859; 74.1374
29; Stdev: 3.16386; 0.180537; 0.568759; 1.56265; 4.49377; 83.8047; 25.6173
30; 1; 17; 0; 0; 0; 0; -0; 0
30; 2; 9; 0; 0; 0; 0; -0; 0
30; 3; 13; 0; 0; 0; 0; -0; 0
30; 4; 12; 0; 0; 0; 0; -0; 0
30; 5; 14; 0; 0; 0; 0; -0; 0
30; 6; 10; 0; 0; 0; 0; -0; 0
30; 7; 16; 0; 0; 0; 0; -0; 0
30; 8; 19; 0; 0; 0; 0; -0; 0
30; 9; 18; 0; 0; 0; 0; -0; 0
30; 10; 21; 0; 0; 0; 0; -0; 0
30; 11; 14; 0; 0; 0; 0; -0; 0
30; 12; 11; 0; 0; 0; 0; -0; 0
30; 13; 12; 0; 0; 0; 0; -0; 0
30; 14; 16; 0; 0; 0; 0; -0; 0
30; 15; 15; 0; 0; 0; 0; -0; 0
30; 16; 12; 0; 0; 0; 0; -0; 0
30; 17; 17; 0; 0; 0; 0; -0; 0
30; 18; 19; 0.390803; -1.41762; 3.75569; 52.1114; -167.731; 4.83363
30; 19; 17; 0.41544; -1.30639; 3.36633; 41.9282; -158.663; 13.9837
30; 20; 15; 0.40838; -1.29993; 3.43199; 54.4164; -162.179; 8.90314
30; Median: 15; 0; 0; 0; 0; -0; 0
30; Mean: 14.85; 0.0607311; -0.201197; 0.5277; 1.38602; -24.4287; 7.4228
30; Range: 12; 0.41544; 1.41762; 3.75569; 13.9837; 167.731; 54.4164
30; Stdev: 3.16662; 0.144625; 0.479402; 1.25791; 3.60383; 58.1698; 17.7943
31; 1; 11; 0; 0; 0; 0; -0; 0
31; 2; 14; 0; 0; 0; 0; -0; 0
31; 3; 12; 0; 0; 0; 0; -0; 0
31; 4; 13; 0; 0; 0; 0; -0; 0
31; 5; 14; 0; 0; 0; 0; -0; 0
31; 6; 14; 0; 0; 0; 0; -0; 0
31; 7; 13; -0.128495; 0.23744; 0.55423; -90.926; 154.238; 106.745
31; 8; 11; 0; 0; 0; 0; -0; 0
31; 9; 11; 0; 0; 0; 0; -0; 0
31; 10; 9; 0; 0; 0; 0; -0; 0
31; 11; 17; 0.382208; -1.2149; 2.91839; 28.9155; -163.309; 16.4251
31; 12; 14; 0; 0; 0; 0; -0; 0
31; 13; 13; 0; 0; 0; 0; -0; 0
31; 14; 10; 0; 0; 0; 0; -0; 0
31; 15; 13; 0; 0; 0; 0; -0; 0
31; 16; 16; 0; 0; 0; 0; -0; 0
31; 17; 12; 0; 0; 0; 0; -0; 0
31; 18; 12; 0; 0; 0; 0; -0; 0
31; 19; 15; 0; 0; 0; 0; -0; 0
31; 20; 16; 0; 0; 0; 0; -0; 0
31; Median: 13; 0; 0; 0; 0; -0; 0
31; Mean: 13; 0.0126857; -0.0488728; 0.173631; 6.15852; -0.453563; -3.10052
31; Range: 8; 0.510703; 1.45234; 2.91839; 106.745; 317.547; 119.841
31; Stdev: 2.02485; 0.089268; 0.27245; 0.64114; 23.3514; 50.2271; 21.1085
32; 1; 8; 0; 0; 0; 0; -0; 0
32; 2; 13; 0; 0; 0; 0; -0; 0
32; 3; 10; 0; 0; 0; 0; -0; 0
32; 4; 13; 0; 0; 0; 0; -0; 0
32; 5; 9; 0; 0; 0; 0; -0; 0
32; 6; 12; 0; 0; 0; 0; -0; 0
32; 7; 15; 0; 0; 0; 0; -0; 0
32; 8; 10; 0.497009; -1.35982; 3.36511; 52.3919; -149.778; 14.5577
32; 9; 13; 0.490419; -1.44108; 3.55694; 50.1144; -156.708; 11.3571
32; 10; 12; 0; 0; 0; 0; -0; 0
32; 11; 7; 0; 0; 0; 0; -0; 0
32; 12; 12; 0; 0; 0; 0; -0; 0
32; 13; 11; 0; 0; 0; 0; -0; 0
32; 14; 11; 0; 0; 0; 0; -0; 0
32; 15; 11; 0; 0; 0; 0; -0; 0
32; 16; 7; 0.481302; -1.40666; 3.3758; 36.5805; -153.005; 17.0816
32; 17; 13; 0; 0; 0; 0; -0; 0
32; 18; 13; 0; 0; 0; 0; -0; 0
32; 19; 18; 0; 0; 0; 0; -0; 0
32; 20; 13; 0; 0; 0; 0; -0; 0
32; Median: 12; 0; 0; 0; 0; -0; 0
32; Mean: 11.55; 0.0734365; -0.210378; 0.514892; 2.14982; -22.9746; 6.95434
32; Range: 11; 0.497009; 1.44108; 3.55694; 17.0816; 156.708; 52.3919
32; Stdev: 2.57827; 0.174832; 0.500966; 1.22616; 5.19739; 54.7014; 16.7738
33; 1; 8; 0; 0; 0; 0; -0; 0
33; 2; 12; 0; 0; 0; 0; -0; 0
33; 3; 12; 0.375396; -1.34145; 3.20675; 52.6986; -166.296; 5.36036
33; 4; 14; 0; 0; 0; 0; -0; 0
33; 5; 13; 0; 0; 0; 0; -0; 0
33; 6; 17; 0; 0; 0; 0; -0; 0
33; 7; 8; 0; 0; 0; 0; -0; 0
33; 8; 12; 0; 0; 0; 0; -0; 0
33; 9; 14; 0; 0; 0; 0; -0; 0
33; 10; 9; 0; 0; 0; 0; -0; 0
33; 11; 14; 0; 0; 0; 0; -0; 0
33; 12; 14; 0; 0; 0; 0; -0; 0
33; 13; 13; 0; 0; 0; 0; -0; 0
33; 14; 19; 0; 0; 0; 0; -0; 0
33; 15; 16; 0; 0; 0; 0; -0; 0
33; 16; 12; 0; 0; 0; 0; -0; 0
33; 17; 11; 0.40462; -1.40027; 3.31514; 43.0219; -162.882; 10.0823
33; 18; 13; 0; 0; 0; 0; -0; 0
33; 19; 10; 0; 0; 0; 0; -0; 0
33; 20; 14; 0; 0; 0; 0; -0; 0
33; Median: 13; 0; 0; 0; 0; -0; 0
33; Mean: 12.75; 0.0390008; -0.137086; 0.326095; 0.772135; -16.4589; 4.78603
33; Range: 11; 0.40462; 1.40027; 3.31514; 10.0823; 166.296; 52.6986
33; Stdev: 2.718; 0.117094; 0.411363; 0.978434; 2.43376; 49.3797; 14.4394
34; 1; 15; 0; 0; 0; 0; -0; 0
34; 2; 10; 0; 0; 0; 0; -0; 0
34; 3; 13; 0; 0; 0; 0; -0; 0
34; 4; 9; 0; 0; 0; 0; -0; 0
34; 5; 12; 0; 0; 0; 0; -0; 0
34; 6; 13; 0; 0; 0; 0; -0; 0
34; 7; 7; 0; 0; 0; 0; -0; 0
34; 8; 10; 0; 0; 0; 0; -0; 0
34; 9; 15; 0; 0; 0; 0; -0; 0
34; 10; 12; 0; 0; 0; 0; -0; 0
34; 11; 10; 0.383024; -1.5168; 3.63382; 54.4687; -163.649; 9.12319
34; 12; 12; 0; 0; 0; 0; -0; 0
34; 13; 9; 0; 0; 0; 0; -0; 0
34; 14; 12; 0; 0; 0; 0; -0; 0
34; 15; 9; 0; 0; 0; 0; -0; 0
34; 16; 10; 0; 0; 0; 0; -0; 0
34; 17; 13; 0; 0; 0; 0; -0; 0
34; 18; 10; 0; 0; 0; 0; -0; 0
34; 19; 12; 0; 0; 0; 0; -0; 0
34; 20; 6; 0; 0; 0; 0; -0; 0
34; Median: 12; 0; 0; 0; 0; -0; 0
34; Mean: 10.95; 0.0191512; -0.0758402; 0.181691; 0.45616; -8.18245; 2.72343
34; Range: 9; 0.383024; 1.5168; 3.63382; 9.12319; 163.649; 54.4687
34; Stdev: 2.31247; 0.0834781; 0.33058; 0.791973; 1.98835; 35.6665; 11.8712
35; 1; 10; 0; 0; 0; 0; -0; 0
35; 2; 12; 0; 0; 0; 0; -0; 0
35; 3; 14; 0; 0; 0; 0; -0; 0
35; 4; 11; 0; 0; 0; 0; -0; 0
35; 5; 8; 0; 0; 0; 0; -0; 0
35; 6; 9; 0; 0; 0; 0; -0; 0
35; 7; 9; 0; 0; 0; 0; -0; 0
35; 8; 17; 0; 0; 0; 0; -0; 0
35; 9; 10; 0; 0; 0; 0; -0; 0
35; 10; 8; 0; 0; 0; 0; -0; 0
35; 11; 10; 0; 0; 0; 0; -0; 0
35; 12; 12; 0; 0; 0; 0; -0; 0
35; 13; 8; 0; 0; 0; 0; -0; 0
35; 14; 9; 0; 0; 0; 0; -0; 0
35; 15; 11; 0; 0; 0; 0; -0; 0
35; 16; 13; 0; 0; 0; 0; -0; 0
35; 17; 8; 0; 0; 0; 0; -0; 0
35; 18; 9; 0; 0; 0; 0; -0; 0
35; 19; 13; 0; 0; 0; 0; -0; 0
35; 20; 17; 0; 0; 0; 0; -0; 0
35; Median: 10; 0; 0; 0; 0; -0; 0
35; Mean: 10.9; 0; 0; 0; 0; 0; 0
35; Range: 9; 0; 0; 0; 0; 0; 0
35; Stdev: 2.7; 0; 0; 0; 0; 0; 0
36; 1; 5; 0; 0; 0; 0; -0; 0
36; 2; 6; 0; 0; 0; 0; -0; 0
36; 3; 9; 0; 0; 0; 0; -0; 0
36; 4; 11; 0; 0; 0; 0; -0; 0
36; 5; 14; 0; 0; 0; 0; -0; 0
36; 6; 6; 0; 0; 0; 0; -0; 0
36; 7; 11; 0; 0; 0; 0; -0; 0
36; 8; 11; 0; 0; 0; 0; -0; 0
36; 9; 7; 0; 0; 0; 0; -0; 0
36; 10; 7; 0; 0; 0; 0; -0; 0
36; 11; 10; 0; 0; 0; 0; -0; 0
36; 12; 9; 0; 0; 0; 0; -0; 0
36; 13; 12; 0; 0; 0; 0; -0; 0
36; 14; 12; 0.0837646; 0.0491525; 0.658335; -41.0618; 80.1516; 87.0054
36; 15; 7; 0; 0; 0; 0; -0; 0
36; 16; 12; 0; 0; 0; 0; -0; 0
36; 17; 8; 0; 0; 0; 0; -0; 0
36; 18; 10; 0; 0; 0; 0; -0; 0
36; 19; 13; 0; 0; 0; 0; -0; 0
36; 20; 11; 0; 0; 0; 0; -0; 0
36; Median: 10; 0; 0; 0; 0; -0; 0
36; Mean: 9.55; 0.00418823; 0.00245762; 0.0329168; 4.35027; 4.00758; -2.05309
36; Range: 9; 0.0837646; 0.0491525; 0.658335; 87.0054; 80.1516; 41.0618
36; Stdev: 2.51942; 0.0182561; 0.0107125; 0.143481; 18.9624; 17.4686; 8.94921
37; 1; 9; 0; 0; 0; 0; -0; 0
37; 2; 8; 0; 0; 0; 0; -0; 0
37; 3; 10; 0; 0; 0; 0; -0; 0
37; 4; 5; 0; 0; 0; 0; -0; 0
37; 5; 7; 0; 0; 0; 0; -0; 0
37; 6; 11; 0; 0; 0; 0; -0; 0
37; 7; 7; 0; 0; 0; 0; -0; 0
37; 8; 5; 0; 0; 0; 0; -0; 0
37; 9; 8; 0; 0; 0; 0; -0; 0
37; 10; 9; 0; 0; 0; 0; -0; 0
37; 11; 10; 0; 0; 0; 0; -0; 0
37; 12; 9; 0; 0; 0; 0; -0; 0
37; 13; 8; 0; 0; 0; 0; -0; 0
37; 14; 9; 0; 0; 0; 0; -0; 0
37; 15; 8; 0; 0; 0; 0; -0; 0
37; 16; 6; 0; 0; 0; 0; -0; 0
37; 17; 13; 0; 0; 0; 0; -0; 0
37; 18; 9; 0; 0; 0; 0; -0; 0
37; 19; 7; 0; 0; 0; 0; -0; 0
37; 20; 8; 0; 0; 0; 0; -0; 0
37; Median: 8; 0; 0; 0; 0; -0; 0
37; Mean: 8.3; 0; 0; 0; 0; 0; 0
37; Range: 8; 0; 0; 0; 0; 0; 0
37; Stdev: 1.8735; 0; 0; 0; 0; 0; 0
38; 1; 9; 0; 0; 0; 0; -0; 0
38; 2; 10; 0; 0; 0; 0; -0; 0
38; 3; 3; 0; 0; 0; 0; -0; 0
38; 4; 8; 0; 0; 0; 0; -0; 0
38; 5; 12; 0; 0; 0; 0; -0; 0
38; 6; 7; 0; 0; 0; 0; -0; 0
38; 7; 9; 0; 0; 0; 0; -0; 0
38; 8; 6; 0; 0; 0; 0; -0; 0
38; 9; 4; 0; 0; 0; 0; -0; 0
38; 10; 6; 0; 0; 0; 0; -0; 0
38; 11; 4; 0; 0; 0; 0; -0; 0
38; 12; 10; 0; 0; 0; 0; -0; 0
38; 13; 7; 0; 0; 0; 0; -0; 0
38; 14; 7; 0; 0; 0; 0; -0; 0
38; 15; 7; 0; 0; 0; 0; -0; 0
38; 16; 8; 0; 0; 0; 0; -0; 0
38; 17; 7; 0; 0; 0; 0; -0; 0
38; 18; 10; 0; 0; 0; 0; -0; 0
38; 19; 11; 0; 0; 0; 0; -0; 0
38; 20; 10; 0; 0; 0; 0; -0; 0
38; Median: 8; 0; 0; 0; 0; -0; 0
38; Mean: 7.75; 0; 0; 0; 0; 0; 0
38; Range: 9; 0; 0; 0; 0; 0; 0
38; Stdev: 2.36379; 0; 0; 0; 0; 0; 0
39; 1; 11; 0; 0; 0; 0; -0; 0
39; 2; 4; 0; 0; 0; 0; -0; 0
39; 3; 6; 0; 0; 0; 0; -0; 0
39; 4; 5; 0; 0; 0; 0; -0; 0
39; 5; 15; 0; 0; 0; 0; -0; 0
39; 6; 5; 0; 0; 0; 0; -0; 0
39; 7; 6; 0; 0; 0; 0; -0; 0
39; 8; 13; 0; 0; 0; 0; -0; 0
39; 9; 5; 0; 0; 0; 0; -0; 0
39; 10; 11; 0; 0; 0; 0; -0; 0
39; 11; 7; 0; 0; 0; 0; -0; 0
39; 12; 8; 0; 0; 0; 0; -0; 0
39; 13; 8; 0; 0; 0; 0; -0; 0
39; 14; 8; 0; 0; 0; 0; -0; 0
39; 15; 7; 0; 0; 0; 0; -0; 0
39; 16; 8; 0; 0; 0; 0; -0; 0
39; 17; 11; 0; 0; 0; 0; -0; 0
39; 18; 8; 0; 0; 0; 0; -0; 0
39; 19; 8; 0; 0; 0; 0; -0; 0
39; 20; 10; 0; 0; 0; 0; -0; 0
39; Median: 8; 0; 0; 0; 0; -0; 0
39; Mean: 8.2; 0; 0; 0; 0; 0; 0
39; Range: 11; 0; 0; 0; 0; 0; 0
39; Stdev: 2.80357; 0; 0; 0; 0; 0; 0
40; 1; 7; 0; 0; 0; 0; -0; 0
40; 2; 6; 0; 0; 0; 0; -0; 0
40; 3; 7; 0; 0; 0; 0; -0; 0
40; 4; 11; 0; 0; 0; 0; -0; 0
40; 5; 8; 0; 0; 0; 0; -0; 0
40; 6; 7; 0; 0; 0; 0; -0; 0
40; 7; 9; 0; 0; 0; 0; -0; 0
40; 8; 5; 0; 0; 0; 0; -0; 0
40; 9; 9; 0; 0; 0; 0; -0; 0
40; 10; 10; 0; 0; 0; 0; -0; 0
40; 11; 5; 0; 0; 0; 0; -0; 0
40; 12; 11; 0; 0; 0; 0; -0; 0
40; 13; 8; 0; 0; 0; 0; -0; 0
40; 14; 8; -0.230493; -0.0120715; 0.276977; -99.3294; -23.693; 6.63101
40; 15; 4; 0; 0; 0; 0; -0; 0
40; 16; 9; 0; 0; 0; 0; -0; 0
40; 17; 12; 0; 0; 0; 0; -0; 0
40; 18; 12; 0; 0; 0; 0; -0; 0
40; 19; 6; 0; 0; 0; 0; -0; 0
40; 20; 13; 0; 0; 0; 0; -0; 0
40; Median: 8; 0; 0; 0; 0; -0; 0
40; Mean: 8.35; -0.0115246; -0.000603575; 0.0138488; 0.331551; -1.18465; -4.96647
40; Range: 9; 0.230493; 0.0120715; 0.276977; 6.63101; 23.693; 99.3294
40; Stdev: 2.4955; 0.0502348; 0.00263092; 0.0603657; 1.4452; 5.16377; 21.6483
41; 1; 6; 0; 0; 0; 0; -0; 0
41; 2; 6; 0; 0; 0; 0; -0; 0
41; 3; 6; 0; 0; 0; 0; -0; 0
41; 4; 6; 0; 0; 0; 0; -0; 0
41; 5; 6; -0.292482; -0.179882; 0.916214; -46.3289; -108.283; 143.382
41; 6; 8; 0; 0; 0; 0; -0; 0
41; 7; 5; 0; 0; 0; 0; -0; 0
41; 8; 6; 0; 0; 0; 0; -0; 0
41; 9; 4; 0; 0; 0; 0; -0; 0
41; 10; 10; 0; 0; 0; 0; -0; 0
41; 11; 7; 0; 0; 0; 0; -0; 0
41; 12; 5; 0; 0; 0; 0; -0; 0
41; 13; 7; 0; 0; 0; 0; -0; 0
41; 14; 7; 0; 0; 0; 0; -0; 0
41; 15; 7; 0; 0; 0; 0; -0; 0
41; 16; 7; 0; 0; 0; 0; -0; 0
41; 17; 6; 0; 0; 0; 0; -0; 0
41; 18; 7; 0; 0; 0; 0; -0; 0
41; 19; 5; 0; 0; 0; 0; -0; 0
41; 20; 8; 0; 0; 0; 0; -0; 0
41; Median: 6; 0; 0; 0; 0; -0; 0
41; Mean: 6.45; -0.0146241; -0.00899411; 0.0458107; 7.16909; -5.41414; -2.31645
41; Range: 6; 0.292482; 0.179882; 0.916214; 143.382; 108.283; 46.3289
41; Stdev: 1.28355; 0.0637449; 0.0392044; 0.199684; 31.2494; 23.5997; 10.0972
42; 1; 12; 0; 0; 0; 0; -0; 0
42; 2; 12; 0; 0; 0; 0; -0; 0
42; 3; 12; 0; 0; 0; 0; -0; 0
42; 4; 12; 0; 0; 0; 0; -0; 0
42; 5; 10; 0; 0; 0; 0; -0; 0
42; 6; 13; 0; 0; 0; 0; -0; 0
42; 7; 9; 0; 0; 0; 0; -0; 0
42; 8; 11; 0; 0; 0; 0; -0; 0
42; 9; 13; 0; 0; 0; 0; -0; 0
42; 10; 13; 0; 0; 0; 0; -0; 0
42; 11; 10; 0; 0; 0; 0; -0; 0
42; 12; 13; 0; 0; 0; 0; -0; 0
42; 13; 8; 0; 0; 0; 0; -0; 0
42; 14; 9; 0; 0; 0; 0; -0; 0
42; 15; 15; 0; 0; 0; 0; -0; 0
42; 16; 10; 0; 0; 0; 0; -0; 0
42; 17; 15; 0; 0; 0; 0; -0; 0
42; 18; 12; 0; 0; 0; 0; -0; 0
42; 19; 16; 0; 0; 0; 0; -0; 0
42; 20; 11; 0; 0; 0; 0; -0; 0
42; Median: 12; 0; 0; 0; 0; -0; 0
42; Mean: 11.8; 0; 0; 0; 0; 0; 0
42; Range: 8; 0; 0; 0; 0; 0; 0
42; Stdev: 2.06398; 0; 0; 0; 0; 0; 0
43; 1; 10; 0; 0; 0; 0; -0; 0
43; 2; 9; 0; 0; 0; 0; -0; 0
43; 3; 8; 0; 0; 0; 0; -0; 0
43; 4; 9; 0; 0; 0; 0; -0; 0
43; 5; 13; 0; 0; 0; 0; -0; 0
43; 6; 11; 0; 0; 0; 0; -0; 0
43; 7; 8; 0; 0; 0; 0; -0; 0
43; 8; 8; 0; 0; 0; 0; -0; 0
43; 9; 11; 0; 0; 0; 0; -0; 0
43; 10; 10; 0; 0; 0; 0; -0; 0
43; 11; 13; 0; 0; 0; 0; -0; 0
43; 12; 5; 0; 0; 0; 0; -0; 0
43; 13; 7; 0; 0; 0; 0; -0; 0
43; 14; 4; 0; 0; 0; 0; -0; 0
43; 15; 12; 0; 0; 0; 0; -0; 0
43; 16; 11; 0; 0; 0; 0; -0; 0
43; 17; 9; 0; 0; 0; 0; -0; 0
43; 18; 8; 0; 0; 0; 0; -0; 0
43; 19; 8; 0; 0; 0; 0; -0; 0
43; 20; 8; 0; 0; 0; 0; -0; 0
43; Median: 9; 0; 0; 0; 0; -0; 0
43; Mean: 9.1; 0; 0; 0; 0; 0; 0
43; Range: 9; 0; 0; 0; 0; 0; 0
43; Stdev: 2.3; 0; 0; 0; 0; 0; 0
