Linear Detection Measurement - Goesser_25_65_
Pose p; Framenumber n; number of detected matches; targetpose px[m]; py[m]; pz[m]; rotx[°]; roty[°]; rotz[°]
Pose p; calculate Median
Pose p; calculate Mittelwert
Pose p; calculate Spannweite
Pose p; calculate Stdev
1; 1; 69; 0.0292013; 0.215502; 0.441519; -126.372; -136.358; 62.9657
1; 2; 65; 0; 0; 0; 0; -0; 0
1; 3; 64; 0; 0; 0; 0; -0; 0
1; 4; 68; 0; 0; 0; 0; -0; 0
1; 5; 79; 0; 0; 0; 0; -0; 0
1; 6; 64; 0; 0; 0; 0; -0; 0
1; 7; 73; 0; 0; 0; 0; -0; 0
1; 8; 66; -0.0482185; 0.642429; 9.23872; 176.718; -138.367; 46.1828
1; 9; 60; 0; 0; 0; 0; -0; 0
1; 10; 59; 0.204832; 0.0270167; 0.70537; -68.7963; -153.133; 7.13419
1; 11; 45; 0; 0; 0; 0; -0; 0
1; 12; 67; 0; 0; 0; 0; -0; 0
1; 13; 63; 0; 0; 0; 0; -0; 0
1; 14; 68; 0; 0; 0; 0; -0; 0
1; 15; 64; 0; 0; 0; 0; -0; 0
1; 16; 68; 0; 0; 0; 0; -0; 0
1; 17; 72; 0; 0; 0; 0; -0; 0
1; 18; 61; 0.276183; 0.0353297; 1.10836; 76.0205; 169.978; 4.16998
1; 19; 72; 0; 0; 0; 0; -0; 0
1; 20; 67; 0; 0; 0; 0; -0; 0
1; Median: 67; 0; 0; 0; 0; -0; 0
1; Mean: 65.7; 0.0230999; 0.0460139; 0.574698; 6.02264; -12.894; 2.87851
1; Range: 34; 0.324401; 0.642429; 9.23872; 62.9657; 323.111; 303.09
1; Stdev: 6.64906; 0.0744106; 0.144705; 2.00835; 16.493; 65.8619; 53.6403
2; 1; 65; 0; 0; 0; 0; -0; 0
2; 2; 69; 0; 0; 0; 0; -0; 0
2; 3; 61; 0; 0; 0; 0; -0; 0
2; 4; 68; 0; 0; 0; 0; -0; 0
2; 5; 65; 0; 0; 0; 0; -0; 0
2; 6; 52; 0; 0; 0; 0; -0; 0
2; 7; 74; 0; 0; 0; 0; -0; 0
2; 8; 58; 0.0101698; -0.273265; 0.445182; 70.4314; 60.7242; 77.9652
2; 9; 70; 0; 0; 0; 0; -0; 0
2; 10; 68; 0; 0; 0; 0; -0; 0
2; 11; 74; 0.0309567; -0.115381; 0.436016; -109.811; 22.9747; 132.525
2; 12; 55; 0; 0; 0; 0; -0; 0
2; 13; 72; 0; 0; 0; 0; -0; 0
2; 14; 64; 0; 0; 0; 0; -0; 0
2; 15; 68; 0.0764498; 0.187839; 0.273005; -87.564; -147.486; 71.9856
2; 16; 69; 0; 0; 0; 0; -0; 0
2; 17; 68; 0; 0; 0; 0; -0; 0
2; 18; 63; 0; 0; 0; 0; -0; 0
2; 19; 69; 0; 0; 0; 0; -0; 0
2; 20; 67; 0; 0; 0; 0; -0; 0
2; Median: 68; 0; 0; 0; 0; -0; 0
2; Mean: 65.95; 0.00587882; -0.0100403; 0.0577102; 14.1238; -3.18933; -6.3472
2; Range: 22; 0.0764498; 0.461104; 0.445182; 132.525; 208.21; 180.243
2; Stdev: 5.67869; 0.0176283; 0.0778633; 0.140751; 35.2375; 35.8914; 34.5549
3; 1; 56; 0; 0; 0; 0; -0; 0
3; 2; 71; 0; 0; 0; 0; -0; 0
3; 3; 67; 0; 0; 0; 0; -0; 0
3; 4; 78; 0.20962; -0.175698; 0.426123; -138.52; -27.9382; 178.934
3; 5; 71; 0; 0; 0; 0; -0; 0
3; 6; 68; 0; 0; 0; 0; -0; 0
3; 7; 78; 0.0373425; -0.209999; 1.24671; -108.926; -43.496; 107.897
3; 8; 72; 0; 0; 0; 0; -0; 0
3; 9; 82; 0; 0; 0; 0; -0; 0
3; 10; 67; 0; 0; 0; 0; -0; 0
3; 11; 71; 0; 0; 0; 0; -0; 0
3; 12; 68; 0; 0; 0; 0; -0; 0
3; 13; 75; 0; 0; 0; 0; -0; 0
3; 14; 68; 0; 0; 0; 0; -0; 0
3; 15; 75; -0.00405422; 0.435214; 1.26132; 134.869; 160.763; 29.2027
3; 16; 81; 0; 0; 0; 0; -0; 0
3; 17; 72; 0; 0; 0; 0; -0; 0
3; 18; 71; 0; 0; 0; 0; -0; 0
3; 19; 80; 0; 0; 0; 0; -0; 0
3; 20; 75; 0; 0; 0; 0; -0; 0
3; Median: 72; 0; 0; 0; 0; -0; 0
3; Mean: 72.3; 0.0121454; 0.00247587; 0.146708; 15.8017; 4.46643; -5.62888
3; Range: 26; 0.213674; 0.645213; 1.26132; 178.934; 204.259; 273.389
3; Stdev: 5.91692; 0.046044; 0.114947; 0.380548; 44.4512; 37.4954; 49.2994
4; 1; 100; 0.289242; -0.0629908; 0.897474; 60.8989; -158.906; 6.66519
4; 2; 109; 0.285991; -0.0727409; 0.87349; 61.3042; -156.9; 5.50344
4; 3; 93; 0.287104; -0.0671552; 0.885629; 59.214; -160.688; 7.52694
4; 4; 105; 0.296181; -0.0573388; 0.895748; 59.8784; -157.436; 7.96999
4; 5; 111; 0.289008; -0.0662306; 0.891877; 60.3953; -157.66; 6.39964
4; 6; 94; 0.287772; -0.0646918; 0.888445; 59.3398; -160.411; 7.72712
4; 7; 117; 0.291005; -0.0570624; 0.913512; 61.4566; -158.01; 6.5987
4; 8; 100; 0.28755; -0.0697863; 0.877308; 57.5119; -157.902; 7.29726
4; 9; 103; 0.294533; -0.063831; 0.870209; 58.4844; -156.872; 8.16003
4; 10; 104; 0.288688; -0.0661995; 0.891409; 60.0205; -159.241; 6.88751
4; 11; 97; 0.299064; -0.0570925; 0.880407; 59.9948; -156.515; 8.35919
4; 12; 102; 0.29304; -0.0602283; 0.893753; 61.2747; -157.508; 6.9207
4; 13; 100; 0.285709; -0.0327317; 1.00295; 70.7888; -158.592; 2.48839
4; 14; 100; 0.287498; -0.0683618; 0.902126; 59.2641; -159.107; 6.7066
4; 15; 106; 0.300311; -0.0213667; 0.906743; -77.4402; -26.5927; 164.938
4; 16; 102; 0.285367; -0.0788443; 0.86608; 61.643; -155.103; 4.2171
4; 17; 102; 0.0906566; -0.287094; 0.134152; -154.763; -58.181; 167.345
4; 18; 102; 0.288363; -0.0687604; 0.890562; 59.0914; -159.482; 6.96858
4; 19; 103; 0.285624; -0.0788437; 0.851669; 57.0688; -153.79; 6.07894
4; 20; 110; 0.287368; -0.0731399; 0.87968; 62.9233; -155.647; 4.64009
4; Median: 102; 0.288363; -0.0661995; 0.890562; 6.9207; -157.508; 59.9948
4; Mean: 103; 0.280004; -0.0737245; 0.854661; 22.4699; -146.227; 42.9175
4; Range: 24; 0.209654; 0.265727; 0.868796; 164.857; 134.096; 225.552
4; Stdev: 5.54977; 0.0436522; 0.0507574; 0.167819; 47.9119; 35.0114; 54.4657
5; 1; 125; 0.294989; -0.111924; 0.985671; 59.2326; -158.489; 7.05708
5; 2; 125; 0.289347; -0.11577; 1.0039; 59.2427; -160.231; 5.992
5; 3; 132; 0.297215; -0.109659; 0.990104; 58.4581; -158.685; 7.68623
5; 4; 117; 0.294637; -0.116122; 0.973415; 58.4036; -156.769; 6.60848
5; 5; 135; 0.297378; -0.10935; 0.985876; 59.6925; -156.739; 7.10198
5; 6; 128; 0.296889; -0.109162; 0.991306; 58.5815; -159.794; 7.82865
5; 7; 123; 0.294327; -0.117265; 0.971995; 59.1244; -155.612; 5.9057
5; 8; 121; 0.293948; -0.1166; 0.978293; 57.7934; -158.816; 7.01081
5; 9; 130; 0.298595; -0.112122; 0.993608; 60.8132; -154.638; 4.95084
5; 10; 117; 0.29844; -0.115734; 0.958971; 58.1124; -155.749; 7.14164
5; 11; 115; 0.294583; -0.112773; 0.990915; 57.869; -159.837; 7.38312
5; 12; 141; 0.293224; -0.113553; 0.995864; 58.8745; -159.6; 6.64159
5; 13; 122; 0.296557; -0.109684; 0.992245; 57.9191; -159.787; 7.89857
5; 14; 125; 0.296333; -0.111112; 0.992009; 58.2133; -158.425; 7.52911
5; 15; 141; 0.294452; -0.114977; 0.979237; 59.6915; -156.853; 5.82263
5; 16; 120; 0.296935; -0.109728; 0.992972; 59.5283; -158.305; 6.94296
5; 17; 121; 0.295062; -0.109734; 0.982115; 58.9357; -157.634; 7.52226
5; 18; 138; 0.304102; -0.105056; 0.977724; 58.6078; -157.46; 8.46477
5; 19; 120; 0.29221; -0.11451; 0.991821; 59.3685; -158.311; 6.12341
5; 20; 125; 0.29647; -0.110396; 0.983789; 59.3457; -159.307; 7.38427
5; Median: 125; 0.296333; -0.111924; 0.990104; 7.10198; -158.311; 58.9357
5; Mean: 126.05; 0.295785; -0.112261; 0.985591; 6.9498; -158.052; 58.8904
5; Range: 26; 0.0147547; 0.0122093; 0.0449279; 3.51393; 5.59322; 3.01981
5; Stdev: 7.632; 0.00286866; 0.00315157; 0.00994427; 0.830464; 1.54342; 0.740833
6; 1; 182; 0.279593; -0.154845; 1.08454; 58.6082; -158.222; 7.7946
6; 2; 173; 0.27822; -0.15541; 1.07866; 58.56; -158.201; 7.72845
6; 3; 170; 0.278496; -0.155656; 1.07881; 58.397; -158.304; 7.83044
6; 4; 179; 0.277997; -0.15563; 1.0789; 58.1486; -158.47; 7.97257
6; 5; 174; 0.27609; -0.157719; 1.0857; 58.3295; -158.919; 7.49889
6; 6; 184; 0.278279; -0.155525; 1.08061; 58.3948; -158.599; 7.80089
6; 7; 172; 0.277713; -0.155922; 1.0804; 58.2833; -158.654; 7.76171
6; 8; 175; 0.277475; -0.156265; 1.08342; 58.1795; -159.321; 7.793
6; 9; 177; 0.278151; -0.155147; 1.08509; 58.4381; -159.615; 7.96456
6; 10; 166; 0.277654; -0.156792; 1.07821; 58.3212; -158.297; 7.65111
6; 11; 172; 0.27783; -0.156007; 1.08132; 58.3993; -158.609; 7.76145
6; 12; 184; 0.27751; -0.155775; 1.08339; 58.4079; -159.156; 7.80357
6; 13; 161; 0.278421; -0.154007; 1.0792; 58.9408; -157.955; 7.83316
6; 14; 168; 0.277581; -0.154288; 1.0926; 58.3156; -159.939; 8.19268
6; 15; 174; 0.27746; -0.156243; 1.08243; 58.3955; -159.077; 7.74266
6; 16; 162; 0.277836; -0.156533; 1.07986; 58.1973; -158.422; 7.7514
6; 17; 161; 0.278211; -0.152798; 1.07566; 58.6226; -157.924; 8.21402
6; 18; 185; 0.278955; -0.154046; 1.08497; 60.0654; -157.686; 7.20374
6; 19; 174; 0.278404; -0.155105; 1.08596; 58.623; -159.339; 7.83319
6; 20; 175; 0.277228; -0.156845; 1.08421; 58.2669; -159.303; 7.50791
6; Median: 174; 0.277997; -0.15563; 1.08243; 7.7946; -158.599; 58.397
6; Mean: 173.4; 0.277955; -0.155528; 1.0822; 7.782; -158.701; 58.4947
6; Range: 24; 0.00350251; 0.00492081; 0.0169405; 1.01028; 2.2528; 1.91681
6; Stdev: 7.14423; 0.000695519; 0.00111746; 0.00372592; 0.217556; 0.594169; 0.403665
7; 1; 103; 0.293212; -0.20334; 1.12625; 56.1756; -154.157; 10.5486
7; 2; 115; 0.281167; -0.207411; 1.18942; 59.2631; -159.677; 7.90984
7; 3; 109; 0.276215; -0.212468; 1.20408; 56.9024; -160.428; 8.16076
7; 4; 106; 0.278386; -0.20715; 1.17755; 60.0283; -159.704; 7.54122
7; 5; 103; 0.276946; -0.210425; 1.16834; 55.3981; -158.538; 7.9568
7; 6; 106; 0.291298; -0.196324; 1.17514; 61.353; -157.426; 8.82509
7; 7; 103; 0.277886; -0.209268; 1.20715; 60.2345; -159.315; 6.78336
7; 8; 110; 0.27694; -0.210763; 1.19082; 58.7585; -160.417; 7.53479
7; 9; 101; 0.275536; -0.21121; 1.18467; 58.0502; -160.497; 7.62643
7; 10; 119; 0.276966; -0.214321; 1.18374; 59.0966; -158.417; 6.6476
7; 11; 113; 0.286725; -0.209691; 1.14322; 54.465; -158.576; 10.4455
7; 12; 105; 0.268418; -0.223928; 1.17921; 55.4893; -162.19; 7.03117
7; 13; 104; 0.281803; -0.21063; 1.19438; 57.3255; -158.992; 8.13999
7; 14; 97; 0.280393; -0.208663; 1.19532; 58.0729; -160.305; 8.40295
7; 15; 103; 0.276616; -0.216126; 1.17382; 58.1849; -158.498; 6.97047
7; 16; 102; 0.278967; -0.211569; 1.18724; 57.2413; -160.935; 8.35152
7; 17; 102; 0.28017; -0.208876; 1.17665; 57.4746; -158.72; 8.5309
7; 18; 109; 0.278079; -0.208706; 1.17868; 58.7697; -159.747; 7.73321
7; 19; 105; 0.277127; -0.204763; 1.15906; 58.493; -158.86; 7.74788
7; 20; 106; 0.274859; -0.215466; 1.18043; 57.0024; -160.263; 7.71068
7; Median: 105; 0.278079; -0.209691; 1.18043; 7.90984; -159.315; 58.0729
7; Mean: 106.05; 0.279385; -0.210055; 1.17876; 8.02994; -159.283; 57.8889
7; Range: 22; 0.0247937; 0.0276039; 0.0809028; 3.90099; 8.03226; 6.88797
7; Stdev: 5.06434; 0.00547229; 0.00533939; 0.0186003; 0.996356; 1.5894; 1.68461
8; 1; 68; 0.292646; -0.259677; 1.26894; 58.0518; -156.352; 8.14304
8; 2; 69; 0.2806; -0.240997; 1.31268; 70.7159; -164.716; 4.08653
8; 3; 66; 0.29114; -0.260482; 1.28373; 57.4436; -159.852; 8.35007
8; 4; 74; 0.281285; -0.253366; 1.2915; 61.8141; -162.774; 6.59779
8; 5; 63; 0.30319; -0.25151; 1.24176; 55.7071; -158.057; 10.9203
8; 6; 79; 0.29775; -0.253228; 1.2881; 61.7938; -156.429; 7.57555
8; 7; 68; 0.280261; -0.26661; 1.34262; 59.2277; -163.633; 6.55069
8; 8; 70; 0.289086; -0.266197; 1.26559; 56.303; -160.657; 8.21242
8; 9; 65; 0.286423; -0.251504; 1.29777; 63.2295; -162.166; 6.61638
8; 10; 74; 0.281764; -0.274871; 1.25509; 55.0166; -161.107; 7.16918
8; 11; 70; 0.292515; -0.262293; 1.29236; 57.6307; -159.725; 8.17455
8; 12; 65; 0.295229; -0.252366; 1.29809; 63.0127; -157.519; 6.14767
8; 13; 71; 0.29184; -0.255494; 1.29069; 61.6199; -159.169; 6.65517
8; 14; 72; 0.27754; -0.268446; 1.30374; 60.6298; -161.318; 4.8794
8; 15; 69; 0.28914; -0.256798; 1.27551; 59.5813; -160.514; 7.5231
8; 16; 67; 0.293363; -0.262972; 1.2921; 56.8415; -159.88; 8.54405
8; 17; 75; 0.292448; -0.259437; 1.28847; 58.8297; -159.808; 7.94627
8; 18; 73; 0.289971; -0.264069; 1.28828; 58.1812; -159.818; 7.50482
8; 19; 72; 0.292755; -0.250174; 1.30845; 66.098; -158.857; 5.37002
8; 20; 67; 0.08987; 0.0151679; 1.571; 120.146; 161.589; 7.72274
8; Median: 70; 0.29114; -0.256798; 1.2915; 7.5231; -159.818; 59.5813
8; Mean: 69.85; 0.279441; -0.244766; 1.30282; 7.23449; -144.038; 63.0937
8; Range: 16; 0.21332; 0.290039; 0.329235; 6.83381; 326.304; 65.1293
8; Stdev: 3.86361; 0.0439448; 0.0601093; 0.0649861; 1.44804; 70.1474; 13.5931
9; 1; 48; 0.283001; -0.315718; 1.39352; 55.0521; -160.002; 8.87601
9; 2; 55; -0.0450172; -0.403781; 1.47973; -156.828; 56.3115; 117.629
9; 3; 52; -0.0128862; -0.390078; 1.47608; -146.366; 56.1381; 127.462
9; 4; 48; 0.296898; -0.316858; 1.43597; 58.9362; -152.876; 8.58508
9; 5; 46; 0.281211; -0.313705; 1.38864; 55.4615; -160.335; 8.74184
9; 6; 52; 0.272861; -0.321659; 1.38438; 53.5311; -164.186; 8.69789
9; 7; 54; 0.280857; -0.316222; 1.32598; 50.706; -159.078; 10.5346
9; 8; 46; 0.103271; -0.281028; 1.44092; -109.218; 54.7513; 166.212
9; 9; 40; 0.319509; -0.262676; 1.25174; -80.6244; -73.8912; 162.673
9; 10; 48; 0.288948; -0.311329; 1.37916; 55.8785; -157.959; 9.34436
9; 11; 57; 0.276624; -0.318005; 1.38962; 54.5236; -162.393; 8.6647
9; 12; 58; 0.276273; -0.314214; 1.42061; 57.4559; -163.087; 7.87966
9; 13; 42; 0; 0; 0; 0; -0; 0
9; 14; 43; 0.278808; -0.308753; 1.36029; 58.5914; -157.592; 7.72639
9; 15; 50; 0.288617; -0.298798; 1.37005; 60.204; -153.829; 9.0186
9; 16; 50; 0.276419; -0.314291; 1.36888; 57.2199; -161.144; 7.73729
9; 17; 47; 0.278692; -0.317149; 1.38734; 54.7482; -161.862; 8.79274
9; 18; 47; 0.268309; -0.325474; 1.37991; 53.2968; -164.247; 8.05018
9; 19; 49; 0.268693; -0.32557; 1.34437; 51.867; -164.778; 8.39053
9; 20; 42; 0.281853; -0.313747; 1.38929; 56.2249; -159.759; 8.33596
9; Median: 48; 0.278692; -0.314291; 1.38734; 8.74184; -159.078; 54.7482
9; Mean: 48.7; 0.228147; -0.303453; 1.31832; 35.1676; -115.491; 17.0331
9; Range: 18; 0.364526; 0.403781; 1.47973; 166.212; 221.09; 217.032
9; Stdev: 4.83839; 0.111725; 0.0756879; 0.306411; 55.0272; 81.6076; 72.484
10; 1; 28; 0.297328; -0.356703; 1.47267; 61.9422; -159.472; 8.89173
10; 2; 41; 0.285379; -0.378232; 1.47705; 54.5211; -161.897; 8.96037
10; 3; 37; 0.112199; -0.0972134; 1.78772; 119.235; 165.634; 9.51405
10; 4; 34; 0.2899; -0.376408; 1.5157; 57.3865; -161.206; 9.20179
10; 5; 33; 0.298305; -0.352894; 1.50392; 59.8282; -160.687; 10.4619
10; 6; 47; 0.28182; -0.374738; 1.47253; 54.4718; -165.282; 9.39113
10; 7; 34; 0.28519; -0.380233; 1.43863; 52.235; -160.461; 9.57369
10; 8; 32; 0.287014; -0.380181; 1.501; 53.8754; -161.336; 9.25469
10; 9; 31; 0.28963; -0.372329; 1.51662; 54.4129; -162.328; 11.0756
10; 10; 38; 0.0167345; -0.119944; 1.95446; 118.774; 153.316; 8.59492
10; 11; 30; 0.269127; -0.389016; 1.4599; 51.2415; -168.818; 8.10868
10; 12; 45; 0.27444; -0.388019; 1.49697; 54.6471; -163.322; 7.37471
10; 13; 36; 0.286008; -0.378201; 1.4832; 53.5546; -161.863; 9.38751
10; 14; 34; 0.264544; -0.370798; 1.73871; 71.5929; -164.603; 2.92936
10; 15; 36; 0.218891; -0.327094; 1.38035; -108.509; 5.70658; 175.511
10; 16; 39; 0; 0; 0; 0; -0; 0
10; 17; 41; 0.280524; -0.372683; 1.64443; 64.7958; -161.54; 5.93834
10; 18; 38; 0.284215; -0.371396; 1.48659; 59.4844; -160.608; 7.22761
10; 19; 36; 0.0144156; -0.0350869; 1.69535; 129.654; 152.792; 14.0115
10; 20; 40; 0.287013; -0.37202; 1.49821; 53.9115; -163.56; 10.9832
10; Median: 36; 0.284215; -0.37202; 1.49821; 9.25469; -161.206; 54.6471
10; Mean: 36.5; 0.231134; -0.309659; 1.4762; 16.8196; -97.9766; 55.8527
10; Range: 19; 0.298305; 0.389016; 1.95446; 175.511; 334.452; 238.163
10; Stdev: 4.70638; 0.100946; 0.125819; 0.365153; 36.5195; 117.969; 46.9085
11; 1; 30; 0.343017; -0.345498; 1.65224; 84.7309; -160.494; 3.61322
11; 2; 30; 0.262083; -0.3105; 1.89103; 94.8552; 179.608; 3.03785
11; 3; 34; 0.159358; -0.22232; 1.8689; 108.788; 164.668; 3.1521
11; 4; 28; 0.198834; -0.418863; 2.00445; -101.731; 10.3037; 179.363
11; 5; 37; 0.347536; -0.424704; 1.7174; 61.4051; -158.108; 9.35136
11; 6; 34; 0.377391; -0.338599; 1.27284; 58.9883; -144.174; 17.3263
11; 7; 33; 0.0968009; -0.244082; 1.9201; 105.982; 154.929; 4.79468
11; 8; 34; 0; 0; 0; 0; -0; 0
11; 9; 41; 0.0225401; -0.415977; 1.90043; -101.547; 32.9217; 168.019
11; 10; 38; 0.324581; -0.432493; 1.40343; 45.8041; -157.724; 10.6003
11; 11; 32; 0.308689; -0.458609; 1.38232; -71.5871; -48.3069; 153.196
11; 12; 32; 0.0793375; -0.234103; 1.9289; 108.255; 152.231; 5.9361
11; 13; 40; 0.307266; -0.425388; 1.73543; 67.5514; -167.617; 4.11066
11; 14; 31; 0.0697496; -0.173489; 1.91843; 118.053; 152.312; 6.13945
11; 15; 27; 0.322174; -0.432943; 1.38191; 47.5428; -155.227; 9.51485
11; 16; 26; 0.372517; -0.359223; 1.47191; 85.8845; -133.735; 0.0380999
11; 17; 29; 0.339748; -0.426333; 1.52326; 44.1013; -163.952; 13.5926
11; 18; 34; 0.0822116; -0.13387; 1.79633; 120.751; 155.288; 15.2227
11; 19; 26; 0.336933; -0.415029; 1.65015; 62.7629; -161.55; 8.15888
11; 20; 29; 0.325708; -0.436939; 1.47405; 39.9945; -163.121; 12.3847
11; Median: 32; 0.308689; -0.359223; 1.7174; 9.35136; -48.3069; 62.7629
11; Mean: 32.25; 0.233824; -0.332448; 1.59468; 31.3776; -30.5873; 49.0292
11; Range: 15; 0.377391; 0.458609; 2.00445; 179.363; 347.225; 222.482
11; Stdev: 4.25294; 0.126781; 0.122558; 0.426439; 57.2502; 138.701; 66.4155
12; 1; 29; 0.319717; -0.484607; 1.70328; 52.2886; -154.051; 11.8947
12; 2; 32; 0.300671; -0.464146; 1.75574; 62.7548; -164.714; 9.29428
12; 3; 31; 0; 0; 0; 0; -0; 0
12; 4; 25; 0.106974; -0.38237; 1.99785; 91.0463; 158.654; 4.41744
12; 5; 25; 0.146417; -0.218951; 2.08717; 118.891; 168.334; 4.62127
12; 6; 29; 0.177262; -0.258464; 2.01813; 110.46; 173.116; 7.48734
12; 7; 23; 0.264206; -0.495512; 1.50799; 45.673; -168.873; 7.2093
12; 8; 30; 0.24124; -0.484692; 1.7905; 63.9765; -176.788; 3.86881
12; 9; 23; -0.00837927; -0.332562; 0.181505; -33.6068; -108.607; 43.4533
12; 10; 31; 0.297145; -0.48315; 1.68534; 53.0534; -163.576; 10.6479
12; 11; 29; 0.243034; -0.492264; 1.8195; 64.0107; -176.281; 3.99882
12; 12; 29; 0.284637; -0.150307; 0.980691; -13.7583; -156.542; 78.1235
12; 13; 31; 0.319814; -0.416532; 1.74886; 83.1635; -153.704; 2.17047
12; 14; 28; 0.240502; -0.481203; 1.76847; 65.543; -176.275; 2.53835
12; 15; 28; 0; 0; 0; 0; -0; 0
12; 16; 28; 0.29654; -0.474863; 1.70816; 69.4862; -155.923; 2.72252
12; 17; 26; -0.259674; -0.396729; 1.92153; -108.396; 65.5058; 151.673
12; 18; 33; 0.303487; -0.481678; 1.63889; 51.0237; -159.906; 11.2169
12; 19; 28; 0.308049; -0.465737; 1.66187; 55.8333; -160.434; 11.6092
12; 20; 28; 0; 0; 0; 0; -0; 0
12; Median: 29; 0.243034; -0.416532; 1.70816; 7.2093; -154.051; 55.8333
12; Mean: 28.3; 0.179082; -0.348188; 1.39877; 18.3474; -75.5032; 41.5721
12; Range: 10; 0.579488; 0.495512; 2.08717; 151.673; 349.904; 227.287
12; Stdev: 2.7037; 0.154022; 0.175043; 0.712123; 35.4005; 124.266; 52.2752
13; 1; 25; 0; 0; 0; 0; -0; 0
13; 2; 23; 0.239667; -0.488796; 1.72518; 65.7882; -163.111; 2.94508
13; 3; 30; 0.265771; -0.467371; 1.84369; -98.618; -23.5558; 179.862
13; 4; 20; 0; 0; 0; 0; -0; 0
13; 5; 20; 0.259902; -0.508692; 1.70901; 54.3924; -162.592; 9.78868
13; 6; 25; 0; 0; 0; 0; -0; 0
13; 7; 29; 0.278041; -0.489029; 1.62652; 53.4491; -156.008; 12.1875
13; 8; 30; 0; 0; 0; 0; -0; 0
13; 9; 27; 0.0279131; -0.375763; 1.1951; -57.3965; -116.405; 127.442
13; 10; 24; 0.271616; -0.494023; 1.6174; 49.7543; -163.371; 11.9521
13; 11; 22; 0.059607; -0.803055; 2.2403; 135.031; 42.3059; 137.909
13; 12; 31; 0; 0; 0; 0; -0; 0
13; 13; 27; -0.332404; -0.705437; 2.54874; 105.575; 43.4974; 40.6668
13; 14; 28; -0.284467; -0.482082; 2.11489; 118.052; 72.1066; 26.9492
13; 15; 23; 0.268419; -0.509624; 1.76113; 56.2197; -153.869; 10.4579
13; 16; 25; 0.27238; -0.4466; 1.81796; 80.4404; -156.618; 4.16954
13; 17; 27; 0; 0; 0; 0; -0; 0
13; 18; 23; 0; 0; 0; 0; -0; 0
13; 19; 31; 0.297765; -0.320555; 0.563774; -83.2474; 8.11967; 163.16
13; 20; 23; -0.616937; -0.422002; 3.53148; 156.476; 46.7613; 0.706154
13; Median: 25; 0.0279131; -0.422002; 1.62652; 9.78868; -0; 49.7543
13; Mean: 25.65; 0.0503637; -0.325651; 1.21476; 36.4098; -44.1369; 31.7958
13; Range: 11; 0.914702; 0.803055; 3.53148; 179.862; 235.477; 255.094
13; Stdev: 3.36564; 0.235291; 0.258312; 1.04059; 59.4228; 83.2322; 67.0004
14; 1; 16; 0; 0; 0; 0; -0; 0
14; 2; 18; 0; 0; 0; 0; -0; 0
14; 3; 24; -0.412834; -0.392415; 1.93707; 113.843; 38.1016; 1.01774
14; 4; 25; 0.291669; -0.540245; 1.83211; -102.646; -32.8932; 179.917
14; 5; 18; 0; 0; 0; 0; -0; 0
14; 6; 20; 0; 0; 0; 0; -0; 0
14; 7; 21; 0; 0; 0; 0; -0; 0
14; 8; 21; -0.00665854; -0.260397; 2.0797; 124.281; 149.751; 5.89354
14; 9; 16; 0; 0; 0; 0; -0; 0
14; 10; 14; 0; 0; 0; 0; -0; 0
14; 11; 30; 0; 0; 0; 0; -0; 0
14; 12; 23; 0; 0; 0; 0; -0; 0
14; 13; 17; 0.28373; -0.573557; 1.89452; 54.745; -162.591; 10.3061
14; 14; 18; 0.310487; -0.519692; 1.79332; 64.0171; -153.89; 11.3783
14; 15; 16; 0; 0; 0; 0; -0; 0
14; 16; 18; 0.0624885; -0.61814; 2.03876; -120.774; 27.5634; 173.225
14; 17; 20; -0.270185; -0.461013; 1.97523; -100.792; 63.0979; 156.697
14; 18; 24; 0; 0; 0; 0; -0; 0
14; 19; 18; 0; 0; 0; 0; -0; 0
14; 20; 21; 0; 0; 0; 0; -0; 0
14; Median: 20; 0; 0; 0; 0; -0; 0
14; Mean: 19.9; 0.0129349; -0.168273; 0.677535; 26.9217; -3.54305; 1.63374
14; Range: 16; 0.72332; 0.61814; 2.0797; 179.917; 312.342; 245.055
14; Stdev: 3.75366; 0.159061; 0.238854; 0.9251; 60.2938; 63.0742; 59.4683
15; 1; 17; 0.192687; -0.347068; 2.28346; 117.692; -179.247; 5.716
15; 2; 21; 0; 0; 0; 0; -0; 0
15; 3; 18; 0; 0; 0; 0; -0; 0
15; 4; 18; 0.302038; -0.0314825; 0.590907; 20.4975; -131.272; 87.6004
15; 5; 19; -0.476213; -0.503798; 2.23183; -84.2178; 126.309; 171.836
15; 6; 14; 0.31526; -0.467367; 1.89819; 85.8645; -154.244; 8.71582
15; 7; 21; 0.321084; -0.505229; 1.70491; 59.2719; -147.744; 18.5566
15; 8; 16; 0.29896; -0.554267; 1.80225; 79.1351; -136.711; 1.80829
15; 9; 16; 0; 0; 0; 0; -0; 0
15; 10; 21; 0.0072035; -0.767017; 2.32079; 54.0826; 61.6682; 69.8872
15; 11; 20; 0.310072; -0.486139; 1.78685; 80.0005; -156.225; 7.78089
15; 12; 19; -0.311882; -0.403569; 1.90575; -53.2663; -147.284; 152.544
15; 13; 26; 0; 0; 0; 0; -0; 0
15; 14; 22; 0; 0; 0; 0; -0; 0
15; 15; 20; -0.0374547; -0.480494; 2.23868; 96.8737; 144.273; 2.2561
15; 16; 20; 0; 0; 0; 0; -0; 0
15; 17; 23; 0.309496; -0.528836; 1.73677; 62.6553; -150.178; 13.647
15; 18; 19; 0.313511; -0.522587; 1.72933; 63.8888; -151.231; 13.8764
15; 19; 16; -0.889927; -2.31541; 11.6183; 6.17759; -157.29; 83.7132
15; 20; 19; 0; 0; 0; 0; -0; 0
15; Median: 19; 0; -0.403569; 1.73677; 7.78089; -0; 20.4975
15; Mean: 19.25; 0.0327417; -0.395663; 1.6924; 31.8969; -58.9588; 29.4328
15; Range: 12; 1.21101; 2.31541; 11.6183; 171.836; 323.52; 201.91
15; Stdev: 2.69954; 0.300539; 0.507811; 2.46204; 51.4372; 100.246; 50.3881
16; 1; 29; 0.231444; -0.590092; 1.90477; 75.7146; -162.306; 1.53574
16; 2; 20; 0.11086; -0.550587; 2.24105; -86.79; 6.59795; 178.089
16; 3; 19; 0; 0; 0; 0; -0; 0
16; 4; 24; 0.0995614; -0.236655; 2.3842; 147.701; 172.516; 2.37603
16; 5; 23; 0; 0; 0; 0; -0; 0
16; 6; 21; -0.03072; -0.741911; 2.48205; -117.652; 34.273; 174.055
16; 7; 24; 0; 0; 0; 0; -0; 0
16; 8; 27; 0; 0; 0; 0; -0; 0
16; 9; 18; 0.242998; -0.636024; 2.05652; 64.1286; -159.847; 8.58548
16; 10; 16; 0.210022; -0.636495; 2.03996; -105.183; -17.343; 178.443
16; 11; 18; 0.158436; -0.635397; 2.08638; -106.114; -2.16908; 178.319
16; 12; 21; 0.206108; -0.671737; 2.26942; 67.7234; -169.256; 5.0279
16; 13; 24; 0.206712; -0.673355; 1.9476; 51.4833; -163.257; 5.78627
16; 14; 23; 0; 0; 0; 0; -0; 0
16; 15; 13; 0.181458; -0.683882; 2.30546; 67.9839; -175.267; 3.06279
16; 16; 17; 0; 0; 0; 0; -0; 0
16; 17; 16; 0; 0; 0; 0; -0; 0
16; 18; 24; -0.220441; 0.0853882; 0.869431; -49.9121; 73.7289; 145.433
16; 19; 25; 0.120843; -0.456796; 2.34945; 109.812; 174.999; 1.09762
16; 20; 22; 0.233294; -0.641633; 2.02888; 63.0343; -161.993; 7.19662
16; Median: 22; 0.11086; -0.456796; 2.02888; 3.06279; -0; 0
16; Mean: 21.2; 0.0875288; -0.353459; 1.34826; 44.4504; -27.4662; 9.09647
16; Range: 16; 0.46344; 0.8273; 2.48205; 178.443; 350.266; 265.353
16; Stdev: 3.95727; 0.119897; 0.314045; 1.03764; 73.3101; 104.023; 72.1408
17; 1; 11; 0.255921; -0.687659; 1.88651; 50.5694; -160.805; 8.97952
17; 2; 24; 0.285261; -0.665117; 2.26703; 75.9658; -154.915; 8.76981
17; 3; 16; 0; 0; 0; 0; -0; 0
17; 4; 18; 0; 0; 0; 0; -0; 0
17; 5; 14; 0; 0; 0; 0; -0; 0
17; 6; 19; 0.102971; -0.546465; 1.60851; -61.4225; -117.217; 150.491
17; 7; 13; 0; 0; 0; 0; -0; 0
17; 8; 20; 0.266121; -0.694991; 2.08787; 60.7252; -159.621; 8.96288
17; 9; 16; 0; 0; 0; 0; -0; 0
17; 10; 14; 0; 0; 0; 0; -0; 0
17; 11; 15; 0; 0; 0; 0; -0; 0
17; 12; 14; 0.313851; -0.620101; 2.09844; 74.7005; -145.074; 12.7233
17; 13; 18; 0; 0; 0; 0; -0; 0
17; 14; 17; 0; 0; 0; 0; -0; 0
17; 15; 15; 0.129344; 0.0597717; 0.613061; 5.08232; -131.412; 130.811
17; 16; 13; 0.233553; -0.721346; 2.32683; 75.5141; -161.492; 1.38978
17; 17; 19; 0; 0; 0; 0; -0; 0
17; 18; 14; 0; 0; 0; 0; -0; 0
17; 19; 17; -0.0437765; -0.673955; 2.55568; -93.2876; 34.3259; 177.955
17; 20; 17; 0.262064; -0.693885; 2.25449; 68.3224; -163.591; 8.47396
17; Median: 16; 0; 0; 0; 0; -0; 0
17; Mean: 16.2; 0.0902655; -0.262187; 0.88492; 25.4278; -57.99; 12.8085
17; Range: 13; 0.357628; 0.781118; 2.55568; 177.955; 197.917; 169.253
17; Stdev: 2.90861; 0.123634; 0.329103; 1.04381; 54.2997; 75.5494; 43.1196
18; 1; 10; 0.00101661; -0.555761; 2.45158; -72.7629; 26.9376; 178.939
18; 2; 10; 0; 0; 0; 0; -0; 0
18; 3; 16; 0; 0; 0; 0; -0; 0
18; 4; 16; 0.159376; -0.807172; 2.38195; 58.2766; 171.5; 1.0495
18; 5; 15; 0.0143599; -0.77138; 2.60984; -103.047; 29.4293; 177.401
18; 6; 18; 0; 0; 0; 0; -0; 0
18; 7; 22; 0.271951; -0.749121; 2.22254; 58.4446; -161.099; 10.2381
18; 8; 19; 0.255603; -0.727986; 2.18503; 66.444; -164.149; 5.86564
18; 9; 14; -0.0268033; -0.415254; 2.06849; 115.192; 146.672; 2.9473
18; 10; 14; 0; 0; 0; 0; -0; 0
18; 11; 13; 0.137057; -0.627331; 1.96567; 6.30643; -103.448; 86.096
18; 12; 15; 0; 0; 0; 0; -0; 0
18; 13; 17; 0; 0; 0; 0; -0; 0
18; 14; 19; 0; 0; 0; 0; -0; 0
18; 15; 11; 0; 0; 0; 0; -0; 0
18; 16; 16; 0.279229; -0.750877; 2.17235; 52.3966; -159.29; 13.3091
18; 17; 15; 0; 0; 0; 0; -0; 0
18; 18; 22; 0.306127; -0.660179; 2.39739; 83.3715; -157.01; 10.9998
18; 19; 15; 0.25165; -0.719533; 2.13597; 64.2494; -164.71; 6.61736
18; 20; 17; 0; 0; 0; 0; -0; 0
18; Median: 16; 0; 0; 1.96567; 1.0495; -0; 0
18; Mean: 15.7; 0.0824783; -0.33923; 1.12954; 24.6732; -26.7584; 16.4436
18; Range: 12; 0.33293; 0.807172; 2.60984; 178.939; 336.21; 218.24
18; Stdev: 3.2573; 0.119029; 0.348453; 1.13718; 54.4144; 94.5914; 49.4294
19; 1; 16; 0; 0; 0; 0; -0; 0
19; 2; 17; 0; 0; 0; 0; -0; 0
19; 3; 12; 0; 0; 0; 0; -0; 0
19; 4; 18; 0; 0; 0; 0; -0; 0
19; 5; 21; 0; 0; 0; 0; -0; 0
19; 6; 20; 0; 0; 0; 0; -0; 0
19; 7; 11; 0; 0; 0; 0; -0; 0
19; 8; 12; 0; 0; 0; 0; -0; 0
19; 9; 19; 0; 0; 0; 0; -0; 0
19; 10; 16; 0; 0; 0; 0; -0; 0
19; 11; 15; 0; 0; 0; 0; -0; 0
19; 12; 13; 0; 0; 0; 0; -0; 0
19; 13; 12; 0; 0; 0; 0; -0; 0
19; 14; 17; 0.271567; -0.772981; 2.25192; 62.2174; -152.332; 11.2239
19; 15; 17; 0.206515; -0.713024; 1.59686; 31.5393; -150.226; 12.3095
19; 16; 13; 0; 0; 0; 0; -0; 0
19; 17; 18; 0; 0; 0; 0; -0; 0
19; 18; 17; 0.266794; -0.777263; 2.2363; 59.1067; -153.673; 11.7257
19; 19; 17; 0; 0; 0; 0; -0; 0
19; 20; 19; 0; 0; 0; 0; -0; 0
19; Median: 17; 0; 0; 0; 0; -0; 0
19; Mean: 16; 0.0372438; -0.113163; 0.304254; 1.76295; -22.8115; 7.64317
19; Range: 10; 0.271567; 0.777263; 2.25192; 12.3095; 153.673; 62.2174
19; Stdev: 2.86356; 0.0893963; 0.269622; 0.733851; 4.20018; 54.3051; 18.9618
20; 1; 14; 0; 0; 0; 0; -0; 0
20; 2; 19; 0.199802; -0.0649775; 0.0722897; 85.2041; -11.5563; 79.1744
20; 3; 16; 0; 0; 0; 0; -0; 0
20; 4; 11; 0; 0; 0; 0; -0; 0
20; 5; 17; 0; 0; 0; 0; -0; 0
20; 6; 19; 0; 0; 0; 0; -0; 0
20; 7; 17; 0; 0; 0; 0; -0; 0
20; 8; 16; 0; 0; 0; 0; -0; 0
20; 9; 16; 0; 0; 0; 0; -0; 0
20; 10; 14; 0; 0; 0; 0; -0; 0
20; 11; 18; 0; 0; 0; 0; -0; 0
20; 12; 18; 0; 0; 0; 0; -0; 0
20; 13; 17; 0; 0; 0; 0; -0; 0
20; 14; 15; 0; 0; 0; 0; -0; 0
20; 15; 18; 0; 0; 0; 0; -0; 0
20; 16; 14; 0; 0; 0; 0; -0; 0
20; 17; 16; 0; 0; 0; 0; -0; 0
20; 18; 19; 0; 0; 0; 0; -0; 0
20; 19; 16; 0; 0; 0; 0; -0; 0
20; 20; 17; 0; 0; 0; 0; -0; 0
20; Median: 17; 0; 0; 0; 0; -0; 0
20; Mean: 16.35; 0.00999008; -0.00324888; 0.00361449; 3.95872; -0.577814; 4.2602
20; Range: 8; 0.199802; 0.0649775; 0.0722897; 79.1744; 11.5563; 85.2041
20; Stdev: 1.98179; 0.0435458; 0.0141615; 0.0157552; 17.2557; 2.51863; 18.5698
21; 1; 18; 0; 0; 0; 0; -0; 0
21; 2; 15; 0; 0; 0; 0; -0; 0
21; 3; 10; 0; 0; 0; 0; -0; 0
21; 4; 16; 0; 0; 0; 0; -0; 0
21; 5; 23; 0; 0; 0; 0; -0; 0
21; 6; 21; 0.326749; -0.754687; 1.9639; 45.4377; -151.958; 21.5743
21; 7; 17; 0.207455; 0.219007; 0.0163113; 20.3784; -127.727; 129.454
21; 8; 21; 0; 0; 0; 0; -0; 0
21; 9; 19; 0; 0; 0; 0; -0; 0
21; 10; 18; -0.0437897; -0.388141; 1.71446; -65.5213; 38.3899; 175.379
21; 11; 17; -0.0267846; -0.0559755; 0.174536; 130.613; -37.5722; 80.3406
21; 12; 17; 0; 0; 0; 0; -0; 0
21; 13; 21; 0; 0; 0; 0; -0; 0
21; 14; 15; 0; 0; 0; 0; -0; 0
21; 15; 19; 0; 0; 0; 0; -0; 0
21; 16; 19; 0; 0; 0; 0; -0; 0
21; 17; 13; 0; 0; 0; 0; -0; 0
21; 18; 19; 0; 0; 0; 0; -0; 0
21; 19; 15; 0; 0; 0; 0; -0; 0
21; 20; 17; 0; 0; 0; 0; -0; 0
21; Median: 18; 0; 0; 0; 0; -0; 0
21; Mean: 17.5; 0.0231815; -0.0489898; 0.193461; 20.3374; -13.9433; 6.54538
21; Range: 13; 0.370539; 0.973694; 1.9639; 175.379; 190.348; 196.134
21; Stdev: 2.95804; 0.0841695; 0.190171; 0.551293; 48.0437; 43.8192; 33.8938
22; 1; 16; 0; 0; 0; 0; -0; 0
22; 2; 13; 0; 0; 0; 0; -0; 0
22; 3; 13; 0; 0; 0; 0; -0; 0
22; 4; 19; 0.361245; -0.951717; 2.65763; 66.8722; -159.278; 10.9879
22; 5; 16; 0; 0; 0; 0; -0; 0
22; 6; 16; 0; 0; 0; 0; -0; 0
22; 7; 18; 0; 0; 0; 0; -0; 0
22; 8; 19; 0; 0; 0; 0; -0; 0
22; 9; 15; 0; 0; 0; 0; -0; 0
22; 10; 18; 0; 0; 0; 0; -0; 0
22; 11; 16; 0; 0; 0; 0; -0; 0
22; 12; 17; 0; 0; 0; 0; -0; 0
22; 13; 11; 0; 0; 0; 0; -0; 0
22; 14; 16; 0; 0; 0; 0; -0; 0
22; 15; 16; 0; 0; 0; 0; -0; 0
22; 16; 15; 0; 0; 0; 0; -0; 0
22; 17; 16; 0.310113; -1.00488; 2.51501; 50.9532; -164.564; 6.1106
22; 18; 14; 0; 0; 0; 0; -0; 0
22; 19; 20; 0; 0; 0; 0; -0; 0
22; 20; 17; 0; 0; 0; 0; -0; 0
22; Median: 16; 0; 0; 0; 0; -0; 0
22; Mean: 16.05; 0.0335679; -0.09783; 0.258632; 0.854924; -16.1921; 5.89127
22; Range: 9; 0.361245; 1.00488; 2.65763; 10.9879; 164.564; 66.8722
22; Stdev: 2.15581; 0.101028; 0.29361; 0.776224; 2.6782; 48.5834; 17.8521
23; 1; 25; 0; 0; 0; 0; -0; 0
23; 2; 22; 0; 0; 0; 0; -0; 0
23; 3; 16; 0; 0; 0; 0; -0; 0
23; 4; 15; 0; 0; 0; 0; -0; 0
23; 5; 20; 0; 0; 0; 0; -0; 0
23; 6; 17; 0; 0; 0; 0; -0; 0
23; 7; 12; 0; 0; 0; 0; -0; 0
23; 8; 13; 0; 0; 0; 0; -0; 0
23; 9; 18; 0; 0; 0; 0; -0; 0
23; 10; 14; 0; 0; 0; 0; -0; 0
23; 11; 14; 0; 0; 0; 0; -0; 0
23; 12; 14; 0; 0; 0; 0; -0; 0
23; 13; 21; 0; 0; 0; 0; -0; 0
23; 14; 20; 0; 0; 0; 0; -0; 0
23; 15; 14; 0; 0; 0; 0; -0; 0
23; 16; 14; 0; 0; 0; 0; -0; 0
23; 17; 18; 0; 0; 0; 0; -0; 0
23; 18; 19; 0; 0; 0; 0; -0; 0
23; 19; 16; 0; 0; 0; 0; -0; 0
23; 20; 14; 0; 0; 0; 0; -0; 0
23; Median: 16; 0; 0; 0; 0; -0; 0
23; Mean: 16.8; 0; 0; 0; 0; 0; 0
23; Range: 13; 0; 0; 0; 0; 0; 0
23; Stdev: 3.38526; 0; 0; 0; 0; 0; 0
24; 1; 15; 0; 0; 0; 0; -0; 0
24; 2; 16; 0; 0; 0; 0; -0; 0
24; 3; 26; 0; 0; 0; 0; -0; 0
24; 4; 21; 0; 0; 0; 0; -0; 0
24; 5; 23; 0; 0; 0; 0; -0; 0
24; 6; 18; 0; 0; 0; 0; -0; 0
24; 7; 20; 0; 0; 0; 0; -0; 0
24; 8; 27; 0; 0; 0; 0; -0; 0
24; 9; 20; 0; 0; 0; 0; -0; 0
24; 10; 23; 0; 0; 0; 0; -0; 0
24; 11; 24; 0; 0; 0; 0; -0; 0
24; 12; 17; 0; 0; 0; 0; -0; 0
24; 13; 21; 0; 0; 0; 0; -0; 0
24; 14; 15; 0; 0; 0; 0; -0; 0
24; 15; 21; 0; 0; 0; 0; -0; 0
24; 16; 18; 0; 0; 0; 0; -0; 0
24; 17; 20; 0; 0; 0; 0; -0; 0
24; 18; 19; 0; 0; 0; 0; -0; 0
24; 19; 22; 0; 0; 0; 0; -0; 0
24; 20; 16; 0; 0; 0; 0; -0; 0
24; Median: 20; 0; 0; 0; 0; -0; 0
24; Mean: 20.1; 0; 0; 0; 0; 0; 0
24; Range: 12; 0; 0; 0; 0; 0; 0
24; Stdev: 3.36006; 0; 0; 0; 0; 0; 0
25; 1; 12; 0; 0; 0; 0; -0; 0
25; 2; 20; 0; 0; 0; 0; -0; 0
25; 3; 17; 0; 0; 0; 0; -0; 0
25; 4; 23; 0; 0; 0; 0; -0; 0
25; 5; 15; 0; 0; 0; 0; -0; 0
25; 6; 22; 0; 0; 0; 0; -0; 0
25; 7; 20; 0; 0; 0; 0; -0; 0
25; 8; 14; 0; 0; 0; 0; -0; 0
25; 9; 20; 0; 0; 0; 0; -0; 0
25; 10; 14; 0; 0; 0; 0; -0; 0
25; 11; 10; 0; 0; 0; 0; -0; 0
25; 12; 15; 0; 0; 0; 0; -0; 0
25; 13; 19; 0; 0; 0; 0; -0; 0
25; 14; 22; 0; 0; 0; 0; -0; 0
25; 15; 19; 0; 0; 0; 0; -0; 0
25; 16; 15; 0; 0; 0; 0; -0; 0
25; 17; 16; 0; 0; 0; 0; -0; 0
25; 18; 18; 0; 0; 0; 0; -0; 0
25; 19; 15; 0; 0; 0; 0; -0; 0
25; 20; 13; -0.00837686; 0.162278; 0.0732297; 178.16; -63.5758; 18.8107
25; Median: 17; 0; 0; 0; 0; -0; 0
25; Mean: 16.95; -0.000418843; 0.00811389; 0.00366149; 0.940535; -3.17879; 8.90799
25; Range: 13; 0.00837686; 0.162278; 0.0732297; 18.8107; 63.5758; 178.16
25; Stdev: 3.5139; 0.00182569; 0.0353676; 0.01596; 4.0997; 13.856; 38.829
26; 1; 24; 0; 0; 0; 0; -0; 0
26; 2; 26; 0; 0; 0; 0; -0; 0
26; 3; 22; 0; 0; 0; 0; -0; 0
26; 4; 28; 0; 0; 0; 0; -0; 0
26; 5; 27; 0; 0; 0; 0; -0; 0
26; 6; 22; 0; 0; 0; 0; -0; 0
26; 7; 27; 0; 0; 0; 0; -0; 0
26; 8; 23; 0; 0; 0; 0; -0; 0
26; 9; 25; 0; 0; 0; 0; -0; 0
26; 10; 26; 0; 0; 0; 0; -0; 0
26; 11; 22; 0; 0; 0; 0; -0; 0
26; 12; 21; 0; 0; 0; 0; -0; 0
26; 13; 23; 0; 0; 0; 0; -0; 0
26; 14; 22; 0; 0; 0; 0; -0; 0
26; 15; 25; 0; 0; 0; 0; -0; 0
26; 16; 30; 0; 0; 0; 0; -0; 0
26; 17; 33; 0; 0; 0; 0; -0; 0
26; 18; 25; 0; 0; 0; 0; -0; 0
26; 19; 25; 0; 0; 0; 0; -0; 0
26; 20; 29; -0.0480216; 0.159553; 0.232248; -88.8866; -177.905; 51.1516
26; Median: 25; 0; 0; 0; 0; -0; 0
26; Mean: 25.25; -0.00240108; 0.00797763; 0.0116124; 2.55758; -8.89523; -4.44433
26; Range: 12; 0.0480216; 0.159553; 0.232248; 51.1516; 177.905; 88.8866
26; Stdev: 3.03109; 0.0104661; 0.0347737; 0.0506172; 11.1482; 38.7734; 19.3724
27; 1; 16; 0; 0; 0; 0; -0; 0
27; 2; 20; 0; 0; 0; 0; -0; 0
27; 3; 21; 0; 0; 0; 0; -0; 0
27; 4; 18; 0; 0; 0; 0; -0; 0
27; 5; 15; 0; 0; 0; 0; -0; 0
27; 6; 18; 0.611106; 0.203353; 1.45781; 66.8908; -53.0685; 133.225
27; 7; 16; 0; 0; 0; 0; -0; 0
27; 8; 15; 0; 0; 0; 0; -0; 0
27; 9; 16; 0; 0; 0; 0; -0; 0
27; 10; 16; 0; 0; 0; 0; -0; 0
27; 11; 22; 0; 0; 0; 0; -0; 0
27; 12; 18; 0; 0; 0; 0; -0; 0
27; 13; 15; 0; 0; 0; 0; -0; 0
27; 14; 17; 0; 0; 0; 0; -0; 0
27; 15; 20; 0; 0; 0; 0; -0; 0
27; 16; 13; 0; 0; 0; 0; -0; 0
27; 17; 21; 0; 0; 0; 0; -0; 0
27; 18; 19; 0; 0; 0; 0; -0; 0
27; 19; 15; 0; 0; 0; 0; -0; 0
27; 20; 15; 0; 0; 0; 0; -0; 0
27; Median: 17; 0; 0; 0; 0; -0; 0
27; Mean: 17.3; 0.0305553; 0.0101677; 0.0728904; 6.66125; -2.65343; 3.34454
27; Range: 9; 0.611106; 0.203353; 1.45781; 133.225; 53.0685; 66.8908
27; Stdev: 2.45153; 0.133188; 0.0443199; 0.317722; 29.0357; 11.566; 14.5785
28; 1; 15; 0; 0; 0; 0; -0; 0
28; 2; 18; 0; 0; 0; 0; -0; 0
28; 3; 16; 0; 0; 0; 0; -0; 0
28; 4; 29; 0; 0; 0; 0; -0; 0
28; 5; 21; 0; 0; 0; 0; -0; 0
28; 6; 20; 0; 0; 0; 0; -0; 0
28; 7; 25; 0; 0; 0; 0; -0; 0
28; 8; 12; 0; 0; 0; 0; -0; 0
28; 9; 18; 0; 0; 0; 0; -0; 0
28; 10; 21; 0; 0; 0; 0; -0; 0
28; 11; 19; 0; 0; 0; 0; -0; 0
28; 12; 23; 0; 0; 0; 0; -0; 0
28; 13; 17; 0; 0; 0; 0; -0; 0
28; 14; 17; 0; 0; 0; 0; -0; 0
28; 15; 27; 0; 0; 0; 0; -0; 0
28; 16; 19; 0; 0; 0; 0; -0; 0
28; 17; 21; 0; 0; 0; 0; -0; 0
28; 18; 22; 0; 0; 0; 0; -0; 0
28; 19; 30; 0; 0; 0; 0; -0; 0
28; 20; 25; 0; 0; 0; 0; -0; 0
28; Median: 21; 0; 0; 0; 0; -0; 0
28; Mean: 20.75; 0; 0; 0; 0; 0; 0
28; Range: 18; 0; 0; 0; 0; 0; 0
28; Stdev: 4.57028; 0; 0; 0; 0; 0; 0
29; 1; 17; 0; 0; 0; 0; -0; 0
29; 2; 27; 1.1851; 0.934698; 3.33613; 24.6119; 157.917; 79.6023
29; 3; 14; 0; 0; 0; 0; -0; 0
29; 4; 21; 0; 0; 0; 0; -0; 0
29; 5; 27; 0; 0; 0; 0; -0; 0
29; 6; 21; 0; 0; 0; 0; -0; 0
29; 7; 24; 0; 0; 0; 0; -0; 0
29; 8; 20; 0; 0; 0; 0; -0; 0
29; 9; 17; 0; 0; 0; 0; -0; 0
29; 10; 21; 0; 0; 0; 0; -0; 0
29; 11; 23; 0; 0; 0; 0; -0; 0
29; 12; 20; 0; 0; 0; 0; -0; 0
29; 13; 17; 0; 0; 0; 0; -0; 0
29; 14; 25; 0; 0; 0; 0; -0; 0
29; 15; 18; 0; 0; 0; 0; -0; 0
29; 16; 15; 0; 0; 0; 0; -0; 0
29; 17; 25; 0; 0; 0; 0; -0; 0
29; 18; 19; 0; 0; 0; 0; -0; 0
29; 19; 17; 0; 0; 0; 0; -0; 0
29; 20; 20; 0.439527; 0.541904; 1.64459; 152.409; -50.1363; 62.545
29; Median: 20; 0; 0; 0; 0; -0; 0
29; Mean: 20.4; 0.0812315; 0.0738301; 0.249036; 7.10737; 5.38904; 8.85105
29; Range: 13; 1.1851; 0.934698; 3.33613; 79.6023; 208.053; 152.409
29; Stdev: 3.70675; 0.27071; 0.230033; 0.793539; 21.492; 36.6542; 33.3672
30; 1; 22; 0; 0; 0; 0; -0; 0
30; 2; 18; 0; 0; 0; 0; -0; 0
30; 3; 20; 0; 0; 0; 0; -0; 0
30; 4; 19; -0.0571015; -0.249251; 0.192743; 42.0813; -44.982; 5.41719
30; 5; 13; 0; 0; 0; 0; -0; 0
30; 6; 15; 0.193986; 0.186519; 0.517596; 25.7171; 121.622; 101.316
30; 7; 21; 0; 0; 0; 0; -0; 0
30; 8; 19; 0; 0; 0; 0; -0; 0
30; 9; 10; 0; 0; 0; 0; -0; 0
30; 10; 15; 0; 0; 0; 0; -0; 0
30; 11; 16; 0; 0; 0; 0; -0; 0
30; 12; 20; 0; 0; 0; 0; -0; 0
30; 13; 11; 0; 0; 0; 0; -0; 0
30; 14; 12; 0; 0; 0; 0; -0; 0
30; 15; 14; 0; 0; 0; 0; -0; 0
30; 16; 14; 0; 0; 0; 0; -0; 0
30; 17; 17; 0; 0; 0; 0; -0; 0
30; 18; 21; 0.237389; -0.296373; 0.358145; 101.194; 32.2518; 120.972
30; 19; 22; 0; 0; 0; 0; -0; 0
30; 20; 13; 0; 0; 0; 0; -0; 0
30; Median: 17; 0; 0; 0; 0; -0; 0
30; Mean: 16.6; 0.0187137; -0.0179552; 0.0534242; 11.3853; 5.44459; 8.44964
30; Range: 12; 0.294491; 0.482892; 0.517596; 120.972; 166.604; 101.194
30; Stdev: 3.70675; 0.0671718; 0.0944204; 0.137157; 33.4186; 29.3791; 23.7114
31; 1; 23; 0; 0; 0; 0; -0; 0
31; 2; 26; 0; 0; 0; 0; -0; 0
31; 3; 28; 0; 0; 0; 0; -0; 0
31; 4; 18; 0; 0; 0; 0; -0; 0
31; 5; 18; 0; 0; 0; 0; -0; 0
31; 6; 16; -0.180557; 0.296351; 0.393315; 140.794; -156.088; 115.863
31; 7; 16; 0; 0; 0; 0; -0; 0
31; 8; 20; 0; 0; 0; 0; -0; 0
31; 9; 20; 0; 0; 0; 0; -0; 0
31; 10; 23; 0; 0; 0; 0; -0; 0
31; 11; 15; 0; 0; 0; 0; -0; 0
31; 12; 21; 0; 0; 0; 0; -0; 0
31; 13; 17; 0; 0; 0; 0; -0; 0
31; 14; 25; 0.159305; -0.063569; 0.51793; 33.1307; 108.073; 48.235
31; 15; 19; 0; 0; 0; 0; -0; 0
31; 16; 22; 0; 0; 0; 0; -0; 0
31; 17; 17; 0.0821663; 0.150017; 0.403127; -154.363; -168.909; 2.78662
31; 18; 24; 0; 0; 0; 0; -0; 0
31; 19; 20; 0; 0; 0; 0; -0; 0
31; 20; 21; 0; 0; 0; 0; -0; 0
31; Median: 20; 0; 0; 0; 0; -0; 0
31; Mean: 20.45; 0.00304572; 0.01914; 0.0657186; 8.34424; -10.8462; 0.9781
31; Range: 13; 0.339862; 0.35992; 0.51793; 115.863; 276.983; 295.157
31; Stdev: 3.49964; 0.0568088; 0.0731585; 0.157968; 26.8013; 55.7767; 47.2913
32; 1; 20; 0; 0; 0; 0; -0; 0
32; 2; 14; 0; 0; 0; 0; -0; 0
32; 3; 16; 0; 0; 0; 0; -0; 0
32; 4; 14; 0; 0; 0; 0; -0; 0
32; 5; 18; 0; 0; 0; 0; -0; 0
32; 6; 21; 0; 0; 0; 0; -0; 0
32; 7; 14; 0; 0; 0; 0; -0; 0
32; 8; 16; 0; 0; 0; 0; -0; 0
32; 9; 24; 0; 0; 0; 0; -0; 0
32; 10; 14; 0; 0; 0; 0; -0; 0
32; 11; 19; 0; 0; 0; 0; -0; 0
32; 12; 25; 0; 0; 0; 0; -0; 0
32; 13; 16; 0.0994446; 0.139247; 0.4319; -10.9198; -123.409; 159.938
32; 14; 20; 0; 0; 0; 0; -0; 0
32; 15; 12; 0; 0; 0; 0; -0; 0
32; 16; 17; 0; 0; 0; 0; -0; 0
32; 17; 23; 0; 0; 0; 0; -0; 0
32; 18; 17; 0; 0; 0; 0; -0; 0
32; 19; 16; 0; 0; 0; 0; -0; 0
32; 20; 19; 0; 0; 0; 0; -0; 0
32; Median: 17; 0; 0; 0; 0; -0; 0
32; Mean: 17.75; 0.00497223; 0.00696235; 0.021595; 7.99688; -6.17044; -0.54599
32; Range: 13; 0.0994446; 0.139247; 0.4319; 159.938; 123.409; 10.9198
32; Stdev: 3.50535; 0.0216734; 0.0303482; 0.0941305; 34.8576; 26.8963; 2.37992
33; 1; 14; 0; 0; 0; 0; -0; 0
33; 2; 17; 0; 0; 0; 0; -0; 0
33; 3; 18; 0; 0; 0; 0; -0; 0
33; 4; 14; 0; 0; 0; 0; -0; 0
33; 5; 12; 0; 0; 0; 0; -0; 0
33; 6; 11; 0; 0; 0; 0; -0; 0
33; 7; 12; 0.121085; 0.101997; 0.29226; 3.49822; -148.831; 130.487
33; 8; 21; 0; 0; 0; 0; -0; 0
33; 9; 15; 0; 0; 0; 0; -0; 0
33; 10; 10; 0; 0; 0; 0; -0; 0
33; 11; 17; 0; 0; 0; 0; -0; 0
33; 12; 17; 0; 0; 0; 0; -0; 0
33; 13; 18; 0; 0; 0; 0; -0; 0
33; 14; 16; 0; 0; 0; 0; -0; 0
33; 15; 15; 0; 0; 0; 0; -0; 0
33; 16; 19; 0; 0; 0; 0; -0; 0
33; 17; 17; 0; 0; 0; 0; -0; 0
33; 18; 9; 0; 0; 0; 0; -0; 0
33; 19; 17; 0.242071; 0.180944; 0.0397939; 15.0243; -147.076; 111.253
33; 20; 13; 0; 0; 0; 0; -0; 0
33; Median: 16; 0; 0; 0; 0; -0; 0
33; Mean: 15.1; 0.0181578; 0.014147; 0.0166027; 12.087; -14.7953; 0.926125
33; Range: 12; 0.242071; 0.180944; 0.29226; 130.487; 148.831; 15.0243
33; Stdev: 3.09677; 0.0577346; 0.0442387; 0.0638305; 36.3883; 44.3869; 3.32274
34; 1; 12; 0; 0; 0; 0; -0; 0
34; 2; 15; 0; 0; 0; 0; -0; 0
34; 3; 16; 0; 0; 0; 0; -0; 0
34; 4; 13; 0; 0; 0; 0; -0; 0
34; 5; 14; 0; 0; 0; 0; -0; 0
34; 6; 15; 0; 0; 0; 0; -0; 0
34; 7; 10; 0; 0; 0; 0; -0; 0
34; 8; 20; 0; 0; 0; 0; -0; 0
34; 9; 16; 0; 0; 0; 0; -0; 0
34; 10; 18; 0; 0; 0; 0; -0; 0
34; 11; 14; 0; 0; 0; 0; -0; 0
34; 12; 20; 0; 0; 0; 0; -0; 0
34; 13; 13; 0; 0; 0; 0; -0; 0
34; 14; 17; 0; 0; 0; 0; -0; 0
34; 15; 16; 0; 0; 0; 0; -0; 0
34; 16; 13; 0; 0; 0; 0; -0; 0
34; 17; 11; 0; 0; 0; 0; -0; 0
34; 18; 11; 0; 0; 0; 0; -0; 0
34; 19; 16; 0; 0; 0; 0; -0; 0
34; 20; 14; 0; 0; 0; 0; -0; 0
34; Median: 15; 0; 0; 0; 0; -0; 0
34; Mean: 14.7; 0; 0; 0; 0; 0; 0
34; Range: 10; 0; 0; 0; 0; 0; 0
34; Stdev: 2.7037; 0; 0; 0; 0; 0; 0
35; 1; 16; 0; 0; 0; 0; -0; 0
35; 2; 15; 0; 0; 0; 0; -0; 0
35; 3; 7; 0; 0; 0; 0; -0; 0
35; 4; 14; 0; 0; 0; 0; -0; 0
35; 5; 13; 0; 0; 0; 0; -0; 0
35; 6; 11; 0; 0; 0; 0; -0; 0
35; 7; 16; 0; 0; 0; 0; -0; 0
35; 8; 16; 0; 0; 0; 0; -0; 0
35; 9; 21; 0; 0; 0; 0; -0; 0
35; 10; 13; 0; 0; 0; 0; -0; 0
35; 11; 11; 0; 0; 0; 0; -0; 0
35; 12; 13; 0; 0; 0; 0; -0; 0
35; 13; 13; 0; 0; 0; 0; -0; 0
35; 14; 14; 0; 0; 0; 0; -0; 0
35; 15; 14; 0; 0; 0; 0; -0; 0
35; 16; 12; 0; 0; 0; 0; -0; 0
35; 17; 16; 0; 0; 0; 0; -0; 0
35; 18; 8; 0; 0; 0; 0; -0; 0
35; 19; 10; 0; 0; 0; 0; -0; 0
35; 20; 10; 0; 0; 0; 0; -0; 0
35; Median: 13; 0; 0; 0; 0; -0; 0
35; Mean: 13.15; 0; 0; 0; 0; 0; 0
35; Range: 14; 0; 0; 0; 0; 0; 0
35; Stdev: 3.11889; 0; 0; 0; 0; 0; 0
36; 1; 10; -0.111954; 0.375154; 1.81336; 141.224; 141.372; 117.422
36; 2; 9; 0; 0; 0; 0; -0; 0
36; 3; 11; 0; 0; 0; 0; -0; 0
36; 4; 10; 0; 0; 0; 0; -0; 0
36; 5; 6; 0; 0; 0; 0; -0; 0
36; 6; 7; 0; 0; 0; 0; -0; 0
36; 7; 9; 0; 0; 0; 0; -0; 0
36; 8; 15; 0; 0; 0; 0; -0; 0
36; 9; 14; 0; 0; 0; 0; -0; 0
36; 10; 9; 0; 0; 0; 0; -0; 0
36; 11; 9; 0; 0; 0; 0; -0; 0
36; 12; 11; 0; 0; 0; 0; -0; 0
36; 13; 8; 0; 0; 0; 0; -0; 0
36; 14; 11; 0; 0; 0; 0; -0; 0
36; 15; 11; 0; 0; 0; 0; -0; 0
36; 16; 12; 0; 0; 0; 0; -0; 0
36; 17; 9; 0; 0; 0; 0; -0; 0
36; 18; 9; 0; 0; 0; 0; -0; 0
36; 19; 6; 0; 0; 0; 0; -0; 0
36; 20; 12; 0; 0; 0; 0; -0; 0
36; Median: 10; 0; 0; 0; 0; -0; 0
36; Mean: 9.9; -0.0055977; 0.0187577; 0.0906682; 5.8711; 7.06858; 7.06122
36; Range: 9; 0.111954; 0.375154; 1.81336; 117.422; 141.372; 141.224
36; Stdev: 2.27816; 0.0243998; 0.0817629; 0.395214; 25.5915; 30.8112; 30.7791
37; 1; 10; 0; 0; 0; 0; -0; 0
37; 2; 9; 0; 0; 0; 0; -0; 0
37; 3; 8; 0; 0; 0; 0; -0; 0
37; 4; 12; 0; 0; 0; 0; -0; 0
37; 5; 8; 0; 0; 0; 0; -0; 0
37; 6; 10; 0; 0; 0; 0; -0; 0
37; 7; 11; 0; 0; 0; 0; -0; 0
37; 8; 9; 0; 0; 0; 0; -0; 0
37; 9; 16; 0; 0; 0; 0; -0; 0
37; 10; 7; 0; 0; 0; 0; -0; 0
37; 11; 8; 0; 0; 0; 0; -0; 0
37; 12; 6; 0; 0; 0; 0; -0; 0
37; 13; 9; 0; 0; 0; 0; -0; 0
37; 14; 9; 0; 0; 0; 0; -0; 0
37; 15; 14; 0; 0; 0; 0; -0; 0
37; 16; 8; 0; 0; 0; 0; -0; 0
37; 17; 8; 0; 0; 0; 0; -0; 0
37; 18; 11; 0; 0; 0; 0; -0; 0
37; 19; 12; 0; 0; 0; 0; -0; 0
37; 20; 15; 0; 0; 0; 0; -0; 0
37; Median: 9; 0; 0; 0; 0; -0; 0
37; Mean: 10; 0; 0; 0; 0; 0; 0
37; Range: 10; 0; 0; 0; 0; 0; 0
37; Stdev: 2.60768; 0; 0; 0; 0; 0; 0
38; 1; 11; 0; 0; 0; 0; -0; 0
38; 2; 2; 0; 0; 0; 0; -0; 0
38; 3; 9; 0; 0; 0; 0; -0; 0
38; 4; 12; 0; 0; 0; 0; -0; 0
38; 5; 6; 0; 0; 0; 0; -0; 0
38; 6; 5; 0; 0; 0; 0; -0; 0
38; 7; 9; 0; 0; 0; 0; -0; 0
38; 8; 11; 0; 0; 0; 0; -0; 0
38; 9; 7; 0; 0; 0; 0; -0; 0
38; 10; 8; 0; 0; 0; 0; -0; 0
38; 11; 6; 0; 0; 0; 0; -0; 0
38; 12; 10; 0.0614096; -0.175899; 0.369182; 77.8851; -8.41735; 132.956
38; 13; 12; 0; 0; 0; 0; -0; 0
38; 14; 9; 0; 0; 0; 0; -0; 0
38; 15; 6; 0; 0; 0; 0; -0; 0
38; 16; 5; 0; 0; 0; 0; -0; 0
38; 17; 10; 0; 0; 0; 0; -0; 0
38; 18; 7; 0; 0; 0; 0; -0; 0
38; 19; 11; 0; 0; 0; 0; -0; 0
38; 20; 8; 0; 0; 0; 0; -0; 0
38; Median: 9; 0; 0; 0; 0; -0; 0
38; Mean: 8.2; 0.00307048; -0.00879497; 0.0184591; 6.64781; -0.420868; 3.89426
38; Range: 10; 0.0614096; 0.175899; 0.369182; 132.956; 8.41735; 77.8851
38; Stdev: 2.61916; 0.0133839; 0.0383364; 0.0804614; 28.9771; 1.83452; 16.9747
39; 1; 8; 0; 0; 0; 0; -0; 0
39; 2; 12; 0; 0; 0; 0; -0; 0
39; 3; 8; 0; 0; 0; 0; -0; 0
39; 4; 8; 0; 0; 0; 0; -0; 0
39; 5; 11; 0; 0; 0; 0; -0; 0
39; 6; 12; 0; 0; 0; 0; -0; 0
39; 7; 12; 0; 0; 0; 0; -0; 0
39; 8; 10; 0; 0; 0; 0; -0; 0
39; 9; 14; 0; 0; 0; 0; -0; 0
39; 10; 10; 0; 0; 0; 0; -0; 0
39; 11; 12; 0; 0; 0; 0; -0; 0
39; 12; 15; 0; 0; 0; 0; -0; 0
39; 13; 12; 0; 0; 0; 0; -0; 0
39; 14; 8; -0.172869; -0.0461049; 0.263792; -94.8817; -164.752; 161.276
39; 15; 9; 0; 0; 0; 0; -0; 0
39; 16; 10; 0; 0; 0; 0; -0; 0
39; 17; 9; 0; 0; 0; 0; -0; 0
39; 18; 11; 0; 0; 0; 0; -0; 0
39; 19; 11; 0; 0; 0; 0; -0; 0
39; 20; 12; 0; 0; 0; 0; -0; 0
39; Median: 11; 0; 0; 0; 0; -0; 0
39; Mean: 10.7; -0.00864343; -0.00230525; 0.0131896; 8.0638; -8.23758; -4.74408
39; Range: 7; 0.172869; 0.0461049; 0.263792; 161.276; 164.752; 94.8817
39; Stdev: 1.95192; 0.0376758; 0.0100483; 0.0574922; 35.1493; 35.9068; 20.679
40; 1; 11; 0; 0; 0; 0; -0; 0
40; 2; 11; 0; 0; 0; 0; -0; 0
40; 3; 13; 0; 0; 0; 0; -0; 0
40; 4; 10; 0; 0; 0; 0; -0; 0
40; 5; 8; 0; 0; 0; 0; -0; 0
40; 6; 14; 0; 0; 0; 0; -0; 0
40; 7; 14; 0; 0; 0; 0; -0; 0
40; 8; 13; 0; 0; 0; 0; -0; 0
40; 9; 10; 0; 0; 0; 0; -0; 0
40; 10; 11; 0; 0; 0; 0; -0; 0
40; 11; 13; 0; 0; 0; 0; -0; 0
40; 12; 12; 0; 0; 0; 0; -0; 0
40; 13; 17; 0; 0; 0; 0; -0; 0
40; 14; 11; 0; 0; 0; 0; -0; 0
40; 15; 9; 0; 0; 0; 0; -0; 0
40; 16; 11; 0; 0; 0; 0; -0; 0
40; 17; 9; 0; 0; 0; 0; -0; 0
40; 18; 7; 0; 0; 0; 0; -0; 0
40; 19; 11; 0; 0; 0; 0; -0; 0
40; 20; 19; 0; 0; 0; 0; -0; 0
40; Median: 11; 0; 0; 0; 0; -0; 0
40; Mean: 11.7; 0; 0; 0; 0; 0; 0
40; Range: 12; 0; 0; 0; 0; 0; 0
40; Stdev: 2.79464; 0; 0; 0; 0; 0; 0
41; 1; 10; 0; 0; 0; 0; -0; 0
41; 2; 13; 0; 0; 0; 0; -0; 0
41; 3; 9; 0; 0; 0; 0; -0; 0
41; 4; 12; 0; 0; 0; 0; -0; 0
41; 5; 14; 0; 0; 0; 0; -0; 0
41; 6; 12; 0; 0; 0; 0; -0; 0
41; 7; 16; 0; 0; 0; 0; -0; 0
41; 8; 5; 0; 0; 0; 0; -0; 0
41; 9; 15; 0; 0; 0; 0; -0; 0
41; 10; 13; 0; 0; 0; 0; -0; 0
41; 11; 10; 0; 0; 0; 0; -0; 0
41; 12; 13; 0; 0; 0; 0; -0; 0
41; 13; 14; 0; 0; 0; 0; -0; 0
41; 14; 12; 0; 0; 0; 0; -0; 0
41; 15; 11; 0; 0; 0; 0; -0; 0
41; 16; 9; 0; 0; 0; 0; -0; 0
41; 17; 15; 0; 0; 0; 0; -0; 0
41; 18; 13; 0; 0; 0; 0; -0; 0
41; 19; 13; 0; 0; 0; 0; -0; 0
41; 20; 14; 0; 0; 0; 0; -0; 0
41; Median: 13; 0; 0; 0; 0; -0; 0
41; Mean: 12.15; 0; 0; 0; 0; 0; 0
41; Range: 11; 0; 0; 0; 0; 0; 0
41; Stdev: 2.51545; 0; 0; 0; 0; 0; 0
42; 1; 8; 0; 0; 0; 0; -0; 0
42; 2; 17; 0; 0; 0; 0; -0; 0
42; 3; 19; 0; 0; 0; 0; -0; 0
42; 4; 15; 0; 0; 0; 0; -0; 0
42; 5; 13; 0; 0; 0; 0; -0; 0
42; 6; 10; 0; 0; 0; 0; -0; 0
42; 7; 12; 0; 0; 0; 0; -0; 0
42; 8; 9; 0; 0; 0; 0; -0; 0
42; 9; 16; 0; 0; 0; 0; -0; 0
42; 10; 15; 0; 0; 0; 0; -0; 0
42; 11; 11; 0; 0; 0; 0; -0; 0
42; 12; 16; 0; 0; 0; 0; -0; 0
42; 13; 15; 0; 0; 0; 0; -0; 0
42; 14; 17; 0; 0; 0; 0; -0; 0
42; 15; 10; 0; 0; 0; 0; -0; 0
42; 16; 12; 0; 0; 0; 0; -0; 0
42; 17; 17; 0; 0; 0; 0; -0; 0
42; 18; 17; 0; 0; 0; 0; -0; 0
42; 19; 14; 0; 0; 0; 0; -0; 0
42; 20; 14; 0; 0; 0; 0; -0; 0
42; Median: 15; 0; 0; 0; 0; -0; 0
42; Mean: 13.85; 0; 0; 0; 0; 0; 0
42; Range: 11; 0; 0; 0; 0; 0; 0
42; Stdev: 3.02118; 0; 0; 0; 0; 0; 0
43; 1; 10; 0; 0; 0; 0; -0; 0
43; 2; 14; 0; 0; 0; 0; -0; 0
43; 3; 14; 0; 0; 0; 0; -0; 0
43; 4; 18; 0; 0; 0; 0; -0; 0
43; 5; 14; 0; 0; 0; 0; -0; 0
43; 6; 9; 0; 0; 0; 0; -0; 0
43; 7; 15; 0; 0; 0; 0; -0; 0
43; 8; 7; 0; 0; 0; 0; -0; 0
43; 9; 15; 0; 0; 0; 0; -0; 0
43; 10; 12; 0; 0; 0; 0; -0; 0
43; 11; 10; 0; 0; 0; 0; -0; 0
43; 12; 13; 0; 0; 0; 0; -0; 0
43; 13; 13; 0; 0; 0; 0; -0; 0
43; 14; 16; 0; 0; 0; 0; -0; 0
43; 15; 12; 0; 0; 0; 0; -0; 0
43; 16; 15; 0; 0; 0; 0; -0; 0
43; 17; 16; 0; 0; 0; 0; -0; 0
43; 18; 10; 0; 0; 0; 0; -0; 0
43; 19; 13; 0; 0; 0; 0; -0; 0
43; 20; 10; 0; 0; 0; 0; -0; 0
43; Median: 13; 0; 0; 0; 0; -0; 0
43; Mean: 12.8; 0; 0; 0; 0; 0; 0
43; Range: 11; 0; 0; 0; 0; 0; 0
43; Stdev: 2.71293; 0; 0; 0; 0; 0; 0
44; 1; 11; 0; 0; 0; 0; -0; 0
44; 2; 15; 0; 0; 0; 0; -0; 0
44; 3; 11; 0; 0; 0; 0; -0; 0
44; 4; 12; 0; 0; 0; 0; -0; 0
44; 5; 9; 0; 0; 0; 0; -0; 0
44; 6; 15; 0; 0; 0; 0; -0; 0
44; 7; 12; 0; 0; 0; 0; -0; 0
44; 8; 15; 0; 0; 0; 0; -0; 0
44; 9; 13; 0; 0; 0; 0; -0; 0
44; 10; 12; 0; 0; 0; 0; -0; 0
44; 11; 17; 0; 0; 0; 0; -0; 0
44; 12; 10; 0; 0; 0; 0; -0; 0
44; 13; 12; 0; 0; 0; 0; -0; 0
44; 14; 14; 0; 0; 0; 0; -0; 0
44; 15; 12; 0; 0; 0; 0; -0; 0
44; 16; 11; 0; 0; 0; 0; -0; 0
44; 17; 11; 0; 0; 0; 0; -0; 0
44; 18; 14; 0; 0; 0; 0; -0; 0
44; 19; 10; 0; 0; 0; 0; -0; 0
44; 20; 12; 0; 0; 0; 0; -0; 0
44; Median: 12; 0; 0; 0; 0; -0; 0
44; Mean: 12.4; 0; 0; 0; 0; 0; 0
44; Range: 8; 0; 0; 0; 0; 0; 0
44; Stdev: 1.98494; 0; 0; 0; 0; 0; 0
45; 1; 14; 0; 0; 0; 0; -0; 0
45; 2; 12; 0; 0; 0; 0; -0; 0
45; 3; 10; 0; 0; 0; 0; -0; 0
45; 4; 6; 0; 0; 0; 0; -0; 0
45; 5; 10; 0; 0; 0; 0; -0; 0
45; 6; 13; 0; 0; 0; 0; -0; 0
45; 7; 18; 0; 0; 0; 0; -0; 0
45; 8; 14; 0; 0; 0; 0; -0; 0
45; 9; 12; 0; 0; 0; 0; -0; 0
45; 10; 18; 0; 0; 0; 0; -0; 0
45; 11; 8; 0; 0; 0; 0; -0; 0
45; 12; 8; 0; 0; 0; 0; -0; 0
45; 13; 15; 0; 0; 0; 0; -0; 0
45; 14; 15; 0; 0; 0; 0; -0; 0
45; 15; 10; 0; 0; 0; 0; -0; 0
45; 16; 16; 0; 0; 0; 0; -0; 0
45; 17; 15; 0; 0; 0; 0; -0; 0
45; 18; 11; 0; 0; 0; 0; -0; 0
45; 19; 18; 0; 0; 0; 0; -0; 0
45; 20; 16; 0; 0; 0; 0; -0; 0
45; Median: 14; 0; 0; 0; 0; -0; 0
45; Mean: 12.95; 0; 0; 0; 0; 0; 0
45; Range: 12; 0; 0; 0; 0; 0; 0
45; Stdev: 3.45652; 0; 0; 0; 0; 0; 0
46; 1; 13; 0; 0; 0; 0; -0; 0
46; 2; 14; 0; 0; 0; 0; -0; 0
46; 3; 15; 0; 0; 0; 0; -0; 0
46; 4; 10; 0; 0; 0; 0; -0; 0
46; 5; 12; 0; 0; 0; 0; -0; 0
46; 6; 9; 0; 0; 0; 0; -0; 0
46; 7; 13; 0; 0; 0; 0; -0; 0
46; 8; 14; 0; 0; 0; 0; -0; 0
46; 9; 14; 0; 0; 0; 0; -0; 0
46; 10; 11; 0; 0; 0; 0; -0; 0
46; 11; 16; -0.276931; 0.192487; 0.743367; -164.275; 11.452; 6.69903
46; 12; 12; 0; 0; 0; 0; -0; 0
46; 13; 10; 0; 0; 0; 0; -0; 0
46; 14; 13; 0; 0; 0; 0; -0; 0
46; 15; 10; 0; 0; 0; 0; -0; 0
46; 16; 9; 0; 0; 0; 0; -0; 0
46; 17; 9; 0; 0; 0; 0; -0; 0
46; 18; 14; 0; 0; 0; 0; -0; 0
46; 19; 15; 0; 0; 0; 0; -0; 0
46; 20; 13; 0; 0; 0; 0; -0; 0
46; Median: 13; 0; 0; 0; 0; -0; 0
46; Mean: 12.3; -0.0138465; 0.00962434; 0.0371683; 0.334952; 0.572601; -8.21373
46; Range: 7; 0.276931; 0.192487; 0.743367; 6.69903; 11.452; 164.275
46; Stdev: 2.14709; 0.0603557; 0.0419515; 0.162013; 1.46002; 2.49591; 35.8028
47; 1; 10; 0; 0; 0; 0; -0; 0
47; 2; 9; 0; 0; 0; 0; -0; 0
47; 3; 10; 0; 0; 0; 0; -0; 0
47; 4; 15; 0; 0; 0; 0; -0; 0
47; 5; 12; 0; 0; 0; 0; -0; 0
47; 6; 12; 0; 0; 0; 0; -0; 0
47; 7; 14; 0; 0; 0; 0; -0; 0
47; 8; 13; 0; 0; 0; 0; -0; 0
47; 9; 11; 0; 0; 0; 0; -0; 0
47; 10; 12; 0; 0; 0; 0; -0; 0
47; 11; 11; 0; 0; 0; 0; -0; 0
47; 12; 12; 0; 0; 0; 0; -0; 0
47; 13; 13; 0; 0; 0; 0; -0; 0
47; 14; 11; 0; 0; 0; 0; -0; 0
47; 15; 12; 0; 0; 0; 0; -0; 0
47; 16; 16; 0; 0; 0; 0; -0; 0
47; 17; 18; 0; 0; 0; 0; -0; 0
47; 18; 16; 0; 0; 0; 0; -0; 0
47; 19; 9; 0; 0; 0; 0; -0; 0
47; 20; 11; 0; 0; 0; 0; -0; 0
47; Median: 12; 0; 0; 0; 0; -0; 0
47; Mean: 12.35; 0; 0; 0; 0; 0; 0
47; Range: 9; 0; 0; 0; 0; 0; 0
47; Stdev: 2.35106; 0; 0; 0; 0; 0; 0
48; 1; 10; 0; 0; 0; 0; -0; 0
48; 2; 14; 0; 0; 0; 0; -0; 0
48; 3; 11; 0; 0; 0; 0; -0; 0
48; 4; 12; 0; 0; 0; 0; -0; 0
48; 5; 13; 0; 0; 0; 0; -0; 0
48; 6; 11; 0; 0; 0; 0; -0; 0
48; 7; 13; 0; 0; 0; 0; -0; 0
48; 8; 14; 0; 0; 0; 0; -0; 0
48; 9; 10; 0; 0; 0; 0; -0; 0
48; 10; 12; 0; 0; 0; 0; -0; 0
48; 11; 8; 0; 0; 0; 0; -0; 0
48; 12; 7; 0; 0; 0; 0; -0; 0
48; 13; 14; 0; 0; 0; 0; -0; 0
48; 14; 12; 0; 0; 0; 0; -0; 0
48; 15; 14; 0; 0; 0; 0; -0; 0
48; 16; 10; 0; 0; 0; 0; -0; 0
48; 17; 13; 0; 0; 0; 0; -0; 0
48; 18; 13; 0; 0; 0; 0; -0; 0
48; 19; 10; 0; 0; 0; 0; -0; 0
48; 20; 11; 0; 0; 0; 0; -0; 0
48; Median: 12; 0; 0; 0; 0; -0; 0
48; Mean: 11.6; 0; 0; 0; 0; 0; 0
48; Range: 7; 0; 0; 0; 0; 0; 0
48; Stdev: 1.95959; 0; 0; 0; 0; 0; 0
